0 4
0 6
1 419
2 113
2 332
2 339
2 396
2 404
2 498
3 9
3 56
3 106
3 110
3 260
3 324
3 491
4 105
4 374
4 408
5 57
5 244
6 24
6 312
6 471
7 46
7 156
7 304
7 349
8 100
8 179
8 342
8 451
9 160
9 266
9 461
10 22
11 35
11 352
12 243
12 313
13 223
13 263
13 296
13 497
14 230
14 247
14 447
15 151
15 254
15 296
15 321
15 400
15 458
16 29
16 412
17 88
17 118
17 179
17 186
17 206
18 25
18 90
18 150
18 159
18 382
18 383
20 246
20 365
21 120
21 286
21 350
21 363
22 36
22 195
24 196
24 206
24 283
24 419
25 159
25 361
26 284
26 412
27 50
27 126
27 477
28 68
28 213
28 327
28 445
29 108
29 212
29 253
30 466
31 93
31 178
31 188
31 333
32 43
32 80
32 300
33 128
33 136
33 420
34 304
34 467
36 394
38 271
38 368
41 453
41 460
42 177
43 111
43 138
44 103
44 281
44 321
46 188
46 236
46 446
47 251
47 321
47 327
47 355
48 79
48 204
48 401
49 424
50 419
51 144
51 371
51 393
51 402
52 152
52 410
53 489
54 98
54 207
54 280
54 319
54 367
55 197
56 229
56 401
57 495
58 272
58 294
58 430
58 463
59 292
59 301
60 62
60 176
61 450
62 140
62 497
63 302
63 483
64 177
64 465
65 184
65 479
66 268
66 270
67 283
68 212
68 235
69 279
70 198
70 285
70 316
70 441
71 199
71 258
71 420
73 355
74 493
75 164
75 252
75 259
75 382
76 375
77 105
77 175
77 295
77 350
78 148
78 168
79 184
79 285
80 112
80 135
80 429
81 218
81 424
82 181
84 213
85 180
85 270
86 306
86 481
87 467
89 467
90 252
91 118
91 218
91 354
91 438
92 167
93 149
93 190
94 216
94 254
94 436
96 114
96 317
96 422
96 434
97 394
97 463
98 287
98 305
98 336
99 364
99 408
100 362
101 156
101 305
101 346
102 473
103 141
103 203
104 208
104 453
105 338
105 377
105 388
106 120
106 285
106 311
107 266
107 383
107 392
109 165
109 181
109 202
109 491
110 383
110 478
111 129
111 316
111 392
111 452
112 175
112 229
112 286
112 412
113 311
113 418
114 156
114 186
114 368
115 168
115 407
115 413
115 435
116 182
116 193
116 271
118 246
118 314
118 350
118 386
120 434
121 216
122 251
123 177
124 357
126 267
126 438
127 197
128 163
128 392
129 303
130 286
131 358
131 381
133 270
134 259
134 330
134 375
134 445
136 282
137 140
137 180
141 444
142 271
142 366
142 367
142 401
143 270
143 380
144 218
144 433
145 192
145 288
145 370
145 429
145 480
146 396
146 461
147 330
148 193
148 414
149 298
149 407
149 457
151 153
151 245
151 253
151 356
152 349
152 370
153 172
154 205
154 448
155 413
156 458
157 348
158 212
158 337
158 383
159 248
160 183
160 311
161 307
161 324
161 331
161 447
161 451
162 285
162 297
163 450
164 169
164 425
164 462
165 365
166 209
166 296
167 429
168 449
169 256
169 275
170 396
170 452
171 267
173 212
173 448
174 414
175 269
176 323
177 463
178 260
179 361
179 362
179 463
180 214
180 356
180 375
181 435
182 327
182 358
182 395
182 490
187 444
188 276
188 488
189 282
190 378
190 454
191 456
195 441
196 399
196 438
197 342
197 406
198 222
198 278
198 331
199 200
199 452
200 207
200 264
202 384
202 497
204 317
204 321
205 221
205 358
205 418
206 339
207 357
208 272
208 313
208 315
208 402
209 398
209 422
209 451
210 227
210 247
210 389
210 421
211 288
212 287
212 413
214 255
214 298
214 381
215 358
215 367
215 445
215 462
216 238
217 243
217 430
218 325
218 368
218 456
220 416
222 312
224 470
225 376
225 398
226 465
227 281
229 385
230 398
232 288
233 252
233 392
234 293
234 472
235 453
236 294
236 358
236 441
237 360
237 400
238 308
238 339
238 478
239 278
239 486
243 315
243 345
243 357
244 313
244 408
245 270
246 376
247 284
247 329
248 398
250 361
251 322
251 361
252 450
254 298
254 420
255 308
256 311
256 342
256 409
256 450
257 308
258 385
258 481
262 276
263 314
263 408
264 445
265 352
265 497
266 278
266 351
266 479
268 296
268 321
269 449
271 345
275 344
275 368
276 386
276 426
276 449
276 492
278 460
284 326
284 341
285 457
285 497
286 333
290 322
292 398
293 296
293 308
293 327
296 398
296 422
296 442
296 489
297 403
297 463
298 367
300 373
301 373
301 460
302 349
303 307
304 335
306 308
306 494
308 323
309 348
310 474
311 327
311 356
312 495
316 377
316 471
317 362
317 416
320 424
321 415
323 378
325 397
326 445
327 348
328 431
329 408
334 376
335 413
340 395
340 458
342 496
345 370
345 402
346 422
347 423
348 492
349 354
351 438
353 445
353 449
356 362
357 415
357 416
359 471
360 476
360 480
360 485
361 446
361 455
363 432
363 441
364 391
365 375
369 442
370 427
371 407
374 441
383 450
384 494
387 469
388 465
389 418
394 482
396 491
397 441
401 448
402 468
403 488
403 490
406 446
408 462
413 498
415 473
423 458
424 427
425 458
430 476
432 477
433 477
436 458
439 488
441 445
441 458
447 494
453 462
454 457
454 468
471 480
474 499
489 495
494 498
