0 1
0 2
0 4
0 7
0 9
0 12
0 14
0 15
0 23
0 43
0 61
0 71
0 77
0 140
0 201
0 205
0 217
0 229
0 250
0 307
0 354
0 357
0 374
0 378
0 409
0 460
1 3
1 5
1 6
1 9
1 10
1 17
1 19
1 20
1 21
1 22
1 31
1 32
1 35
1 39
1 42
1 48
1 49
1 52
1 57
1 60
1 64
1 66
1 68
1 69
1 72
1 78
1 83
1 88
1 92
1 94
1 99
1 101
1 102
1 105
1 106
1 132
1 138
1 141
1 163
1 170
1 181
1 184
1 206
1 208
1 222
1 223
1 225
1 230
1 233
1 256
1 257
1 263
1 264
1 267
1 278
1 284
1 294
1 299
1 306
1 334
1 365
1 366
1 370
1 399
1 402
1 403
1 420
1 442
1 447
1 464
2 3
2 4
2 8
2 11
2 29
2 32
2 39
2 45
2 50
2 64
2 86
2 95
2 123
2 130
2 137
2 152
2 195
2 218
2 221
2 248
2 249
2 288
2 356
2 386
3 5
3 6
3 13
3 17
3 26
3 36
3 57
3 77
3 84
3 113
3 128
3 138
3 139
3 206
3 212
3 215
3 276
3 360
3 430
3 480
3 482
4 25
4 51
4 115
4 166
4 175
4 185
4 201
4 236
4 288
4 289
4 391
4 424
5 7
5 8
5 10
5 11
5 14
5 15
5 16
5 22
5 24
5 25
5 28
5 30
5 38
5 59
5 67
5 69
5 80
5 87
5 88
5 91
5 105
5 107
5 111
5 114
5 116
5 126
5 127
5 161
5 166
5 178
5 188
5 189
5 193
5 200
5 217
5 219
5 238
5 264
5 272
5 281
5 296
5 301
5 302
5 306
5 312
5 327
5 329
5 339
5 377
5 397
5 426
5 431
5 445
5 458
5 467
5 477
5 480
5 488
5 498
6 58
6 63
6 96
6 182
6 273
6 475
7 91
7 278
8 46
8 120
8 123
8 158
8 239
8 261
8 265
8 345
9 13
9 24
9 33
9 37
9 48
9 93
9 98
9 100
9 103
9 125
9 127
9 134
9 141
9 160
9 162
9 279
9 338
9 341
9 387
9 398
9 410
9 412
9 425
9 435
9 459
10 18
10 27
10 31
10 36
10 56
10 86
10 145
10 154
10 193
10 196
10 311
10 358
10 364
10 385
10 400
10 415
10 467
10 469
11 12
11 319
12 110
12 198
12 267
12 269
12 417
12 453
12 465
13 16
13 21
13 132
13 153
13 194
13 321
13 484
14 82
14 245
14 313
14 392
14 404
15 62
15 95
15 136
15 332
16 18
16 19
16 34
16 40
16 47
16 68
16 74
16 128
16 176
16 181
16 294
16 342
16 365
16 466
17 20
17 27
17 29
17 42
17 71
17 79
17 83
17 84
17 96
17 144
17 192
17 209
17 246
17 282
17 325
17 326
17 333
17 394
17 436
17 477
17 497
18 75
18 78
18 190
18 219
18 226
18 349
18 450
18 482
18 489
19 33
19 40
19 274
19 308
19 434
19 474
21 23
22 26
22 30
22 65
22 100
22 205
22 255
22 347
23 41
23 191
23 208
23 213
23 462
24 43
24 46
24 54
24 59
24 102
24 118
24 135
24 148
24 150
24 157
24 300
24 324
24 325
24 369
24 393
24 401
24 463
26 63
26 221
26 256
27 28
27 44
27 167
28 47
28 58
28 66
28 109
28 164
28 271
28 329
28 390
28 393
28 426
29 76
29 82
29 121
29 155
29 168
29 188
29 232
29 268
29 341
29 380
29 396
29 419
29 458
30 303
31 35
31 62
31 79
32 72
32 266
32 283
33 34
33 93
33 218
33 367
34 99
34 150
34 392
34 431
35 38
35 55
35 87
35 104
35 110
35 144
35 323
35 324
35 335
35 344
35 369
35 413
35 495
36 37
36 44
36 45
36 56
36 73
36 89
36 131
36 176
36 227
36 243
36 259
36 336
36 479
37 164
37 251
37 310
37 432
37 448
38 224
38 273
38 275
38 395
39 143
39 197
39 230
39 239
39 476
40 41
40 297
40 364
40 384
41 49
41 90
41 133
42 53
42 70
42 73
42 90
42 108
42 162
42 179
42 237
42 403
42 493
43 54
43 177
43 211
43 231
43 322
43 342
43 362
43 367
43 371
45 52
45 60
45 98
45 124
45 125
45 134
45 143
45 198
45 204
45 213
45 286
46 50
46 76
46 287
46 291
46 408
46 414
46 481
47 53
47 129
47 158
47 199
47 220
47 248
47 316
47 353
47 405
48 61
48 113
48 119
48 194
48 277
48 280
48 366
48 410
48 447
48 450
49 51
49 55
49 80
49 116
49 120
49 195
49 207
49 211
49 270
49 289
49 436
49 468
50 114
50 131
50 161
50 372
50 373
50 427
51 227
51 238
51 299
52 142
52 331
52 408
52 449
52 490
53 115
54 212
54 214
54 330
54 374
55 112
55 202
56 65
56 137
56 142
56 154
56 156
56 231
56 257
56 352
56 373
56 428
56 493
57 388
57 423
58 89
58 101
58 159
58 171
58 229
58 263
58 305
58 307
58 384
58 389
58 398
58 422
58 497
59 187
59 411
60 202
61 81
61 270
61 490
62 241
62 293
62 375
63 187
63 196
63 356
63 439
63 487
64 75
64 126
64 139
64 147
66 67
66 70
66 173
66 244
66 297
66 346
66 359
66 476
67 277
67 379
68 108
68 203
69 203
70 74
70 157
71 104
71 349
73 121
73 147
73 156
73 225
73 320
73 395
74 85
74 169
74 183
74 281
74 433
75 280
75 282
75 470
76 117
76 124
76 165
76 180
76 301
76 304
76 308
76 328
76 387
76 417
76 418
76 429
76 486
77 109
77 340
78 97
78 145
78 214
78 397
79 343
80 81
80 190
80 197
81 152
81 167
81 170
83 85
83 112
83 149
83 151
83 186
83 241
83 271
83 286
83 314
83 411
84 119
85 182
86 353
87 177
87 258
88 130
88 133
88 315
89 106
90 92
90 94
90 122
90 226
90 236
90 338
92 103
92 107
92 169
92 172
92 173
92 175
92 268
92 296
92 339
92 419
93 235
93 382
93 478
94 97
94 498
95 135
95 259
95 404
96 186
97 295
97 378
98 303
100 117
100 242
100 253
100 354
100 407
100 433
100 464
101 204
102 252
102 494
103 246
104 155
104 200
104 207
104 401
104 441
105 111
105 151
106 191
106 245
106 253
106 348
106 444
109 163
109 224
111 122
112 118
112 491
114 148
114 323
115 146
115 168
115 496
116 215
116 352
116 358
117 129
117 136
117 146
117 160
117 171
117 210
117 247
117 279
117 295
117 318
117 481
118 309
118 422
118 441
119 272
120 149
120 350
121 140
121 250
121 318
122 209
122 262
122 311
124 180
125 340
127 185
127 192
127 446
128 371
129 174
131 174
131 269
131 351
131 355
132 233
132 254
132 260
136 309
136 460
138 178
138 216
139 210
139 283
140 159
140 172
140 420
140 454
140 459
141 243
141 275
141 291
141 321
142 242
143 247
144 261
144 424
144 455
145 153
145 179
145 255
145 351
147 346
148 448
149 265
149 383
149 427
150 362
150 415
154 438
156 183
156 470
157 317
157 435
158 452
159 189
159 223
160 258
162 199
162 266
162 300
164 165
165 406
165 446
166 379
166 449
167 184
167 292
167 377
167 425
168 298
168 359
169 444
173 337
173 400
174 375
175 399
176 237
178 235
178 319
181 475
182 335
182 414
182 457
183 328
184 262
186 254
186 310
186 494
187 216
187 298
187 382
187 402
190 276
190 287
190 343
193 320
193 465
194 409
194 454
196 234
197 315
197 396
198 355
203 317
203 372
203 388
203 445
204 499
207 228
207 345
210 430
213 292
213 357
214 428
216 220
217 232
217 240
217 407
217 472
217 487
219 222
221 228
223 244
223 333
224 234
224 314
228 240
228 260
230 456
231 438
233 495
234 327
234 413
235 251
235 316
235 473
236 376
237 368
237 416
238 485
238 492
243 249
244 330
248 439
248 499
249 252
249 290
249 293
249 322
249 331
249 389
250 370
251 274
252 453
254 385
255 440
255 442
257 284
257 304
257 469
260 461
265 313
265 474
267 290
267 429
268 472
270 452
272 443
272 456
273 285
273 478
275 347
275 350
278 360
278 421
279 285
280 332
280 451
281 383
281 394
281 455
281 468
282 302
282 462
284 483
289 391
291 348
293 305
300 381
301 336
302 312
302 334
302 363
307 361
307 380
317 473
318 368
320 361
320 376
320 381
321 337
322 326
322 390
324 344
332 363
332 437
333 466
333 485
334 434
334 443
335 491
337 412
338 421
340 386
344 457
356 471
360 492
362 432
366 484
371 486
373 406
376 416
386 418
391 440
394 437
394 463
395 479
399 461
399 496
403 405
417 423
418 451
421 471
430 488
456 489
470 483
