0 1
0 2
0 3
0 4
0 5
0 6
0 11
0 12
0 17
0 18
0 20
0 29
0 32
0 37
0 41
0 42
0 44
0 45
0 46
0 47
0 55
0 60
0 75
0 85
0 91
0 105
0 109
0 110
0 121
0 161
0 169
0 178
0 188
0 226
0 236
0 249
0 321
0 332
0 375
0 383
0 391
0 429
0 431
0 435
0 440
0 454
0 481
0 489
1 5
1 9
1 25
1 41
1 66
1 84
1 88
1 90
1 91
1 102
1 108
1 117
1 179
1 181
1 221
1 228
1 243
1 340
1 369
1 396
1 400
1 466
1 468
1 471
1 490
2 5
2 8
2 13
2 14
2 16
2 28
2 40
2 51
2 57
2 66
2 69
2 70
2 94
2 113
2 124
2 141
2 142
2 145
2 146
2 178
2 205
2 233
2 234
2 255
2 267
2 276
2 299
2 300
2 309
2 366
2 368
2 370
2 382
3 6
3 7
3 10
3 11
3 12
3 13
3 15
3 17
3 20
3 23
3 31
3 36
3 37
3 39
3 43
3 44
3 50
3 53
3 59
3 65
3 93
3 102
3 103
3 118
3 126
3 127
3 131
3 134
3 148
3 153
3 165
3 166
3 175
3 182
3 190
3 217
3 224
3 233
3 255
3 260
3 261
3 262
3 273
3 288
3 289
3 290
3 292
3 301
3 305
3 306
3 319
3 324
3 364
3 365
3 368
3 382
3 391
3 398
3 402
3 418
3 452
3 454
3 473
3 491
4 5
4 6
4 7
4 10
4 12
4 16
4 28
4 30
4 37
4 59
4 61
4 65
4 68
4 72
4 77
4 83
4 95
4 99
4 103
4 116
4 135
4 136
4 138
4 151
4 225
4 235
4 243
4 251
4 278
4 284
4 287
4 297
4 314
4 318
4 329
4 331
4 407
4 411
4 413
4 414
4 424
4 439
4 440
4 446
4 475
4 478
4 497
5 6
5 7
5 8
5 9
5 10
5 14
5 19
5 21
5 26
5 31
5 39
5 49
5 60
5 73
5 77
5 89
5 94
5 100
5 114
5 120
5 149
5 151
5 155
5 168
5 172
5 188
5 190
5 195
5 202
5 217
5 225
5 233
5 275
5 278
5 281
5 285
5 295
5 344
5 347
5 379
5 403
5 413
5 422
6 7
6 8
6 9
6 10
6 11
6 12
6 24
6 26
6 30
6 31
6 33
6 35
6 39
6 42
6 46
6 54
6 63
6 68
6 73
6 89
6 92
6 96
6 97
6 112
6 117
6 135
6 140
6 151
6 152
6 153
6 159
6 165
6 166
6 169
6 173
6 174
6 186
6 197
6 207
6 214
6 223
6 231
6 233
6 244
6 252
6 280
6 285
6 291
6 307
6 317
6 318
6 324
6 333
6 351
6 352
6 353
6 379
6 386
6 397
6 406
6 421
6 433
6 469
6 476
6 492
6 499
7 8
7 11
7 13
7 15
7 17
7 18
7 19
7 24
7 27
7 30
7 35
7 41
7 42
7 45
7 47
7 52
7 55
7 58
7 62
7 73
7 74
7 79
7 81
7 101
7 105
7 107
7 109
7 111
7 112
7 132
7 136
7 139
7 146
7 170
7 177
7 183
7 200
7 212
7 216
7 228
7 232
7 234
7 241
7 247
7 248
7 261
7 266
7 272
7 275
7 283
7 290
7 293
7 305
7 314
7 316
7 334
7 336
7 337
7 343
7 345
7 346
7 350
7 352
7 354
7 359
7 374
7 413
7 417
7 437
7 441
7 462
7 464
7 467
7 494
8 9
8 14
8 15
8 16
8 17
8 21
8 22
8 38
8 48
8 50
8 52
8 53
8 54
8 57
8 64
8 81
8 100
8 102
8 131
8 143
8 148
8 158
8 176
8 190
8 198
8 215
8 221
8 272
8 319
8 328
8 340
8 358
8 395
8 418
8 448
8 457
8 496
9 46
9 60
9 63
9 68
9 78
9 106
9 120
9 155
9 173
9 206
9 269
9 298
9 354
9 383
9 431
9 459
9 490
10 13
10 15
10 16
10 19
10 28
10 38
10 51
10 64
10 122
10 131
10 145
10 152
10 168
10 239
10 241
10 270
10 274
10 279
10 297
10 346
10 370
10 378
10 398
10 402
10 410
10 429
10 434
10 451
11 14
11 20
11 23
11 30
11 33
11 34
11 36
11 90
11 92
11 110
11 140
11 147
11 150
11 157
11 207
11 236
11 304
11 328
12 20
12 25
12 26
12 52
12 72
12 104
12 108
12 118
12 176
12 180
12 195
12 212
12 404
12 478
13 18
13 23
13 29
13 33
13 36
13 48
13 59
13 67
13 93
13 110
13 112
13 122
13 126
13 177
13 222
13 377
13 403
13 409
13 484
14 24
14 40
14 61
14 131
14 162
14 169
14 202
14 204
14 271
14 304
14 409
14 442
15 22
15 32
15 43
15 56
15 62
15 81
15 101
15 141
15 146
15 159
15 196
15 202
15 235
15 240
15 246
15 300
15 316
15 329
15 363
15 379
15 444
15 458
15 475
16 18
16 19
16 22
16 24
16 25
16 27
16 29
16 31
16 33
16 34
16 42
16 44
16 49
16 64
16 68
16 70
16 74
16 82
16 86
16 87
16 88
16 89
16 95
16 99
16 105
16 109
16 114
16 129
16 134
16 136
16 142
16 143
16 145
16 157
16 205
16 218
16 230
16 258
16 264
16 289
16 302
16 347
16 367
16 401
16 407
16 417
16 423
16 426
16 443
16 457
16 494
17 22
17 27
17 37
17 43
17 111
17 193
17 208
17 335
17 380
17 464
17 496
18 21
18 23
18 27
18 32
18 34
18 40
18 83
18 132
18 148
18 175
18 199
18 254
18 282
18 327
18 341
18 342
18 350
18 358
18 387
18 456
18 483
18 495
19 21
19 91
19 109
19 156
19 318
19 330
19 341
19 356
19 361
19 384
19 436
19 448
19 464
19 486
20 25
20 49
20 102
20 103
20 151
20 253
20 265
20 279
20 310
20 334
20 382
20 393
21 29
21 36
21 55
21 59
21 64
21 80
21 84
21 90
21 94
21 98
21 100
21 114
21 119
21 171
21 175
21 192
21 198
21 218
21 226
21 228
21 243
21 245
21 306
21 313
21 322
22 26
22 35
22 43
22 45
22 66
22 72
22 75
22 80
22 89
22 92
22 96
22 134
22 138
22 144
22 164
22 179
22 186
22 209
22 220
22 242
22 247
22 252
22 313
22 338
22 412
22 421
22 434
22 451
23 41
23 45
23 54
23 55
23 81
23 82
23 105
23 115
23 121
23 133
23 257
23 278
23 291
23 318
23 352
23 356
23 369
23 376
23 397
23 400
23 495
24 39
24 50
24 52
24 76
24 82
24 95
24 143
24 173
24 263
24 287
24 292
24 306
24 321
24 331
24 351
24 389
24 474
25 28
25 62
25 72
25 83
25 90
25 166
25 270
25 335
25 371
26 35
26 91
26 213
26 413
27 48
27 49
27 69
27 82
27 127
27 128
27 224
27 226
27 258
27 277
27 296
27 324
27 384
27 388
27 420
27 445
28 32
28 54
28 71
28 144
28 188
28 217
28 235
28 267
28 323
28 342
29 38
29 53
29 63
29 104
29 117
29 139
29 153
29 167
29 194
29 200
29 231
29 232
29 272
29 417
29 430
30 40
30 58
30 65
30 71
30 97
30 124
30 140
30 224
30 342
30 355
30 366
30 375
30 389
31 34
31 63
32 56
32 75
32 78
32 134
32 201
32 232
32 260
32 309
32 338
32 368
33 47
33 71
33 85
33 86
33 137
33 159
33 192
33 239
33 321
33 375
33 459
35 48
35 80
35 157
35 158
35 230
35 238
36 38
36 46
36 47
36 61
36 67
36 77
36 93
36 99
36 108
36 120
36 123
36 128
36 135
36 144
36 154
36 187
36 193
36 219
36 229
36 300
36 314
36 350
36 363
36 380
36 396
36 405
36 414
36 415
36 437
36 444
36 473
36 484
36 491
37 44
37 87
37 115
37 125
37 163
37 208
37 250
37 326
37 359
37 361
37 408
37 421
37 449
37 496
38 108
38 195
38 197
38 210
38 212
38 216
38 223
38 258
38 260
38 298
38 369
38 373
38 394
38 458
39 50
39 51
39 65
39 216
39 274
39 297
40 84
40 288
40 433
41 60
41 61
41 77
41 124
41 164
41 194
41 203
41 210
41 211
41 237
41 245
41 273
41 289
41 342
41 348
41 385
41 436
41 468
41 475
42 57
42 75
42 122
42 158
42 259
42 304
42 329
42 389
42 407
43 51
43 57
43 67
43 69
43 79
43 80
43 98
43 111
43 125
43 128
43 129
43 187
43 193
43 209
43 242
43 248
43 255
43 264
43 343
43 359
43 365
43 381
43 397
43 415
43 443
44 104
44 152
44 160
44 399
44 414
44 455
45 133
45 160
45 165
45 177
45 236
45 246
45 256
46 126
46 286
46 444
47 53
47 98
47 227
47 264
47 271
47 333
47 373
47 437
47 462
48 79
48 106
48 225
48 464
48 472
49 87
49 104
49 182
49 208
49 332
50 66
50 69
50 84
50 235
50 251
51 86
51 426
52 56
52 73
52 116
52 129
52 162
52 171
52 184
52 203
52 207
52 229
52 276
52 282
52 336
52 392
52 416
52 470
53 56
53 206
53 254
54 58
54 74
54 157
54 331
54 347
54 442
55 95
55 117
55 163
55 211
55 262
56 141
56 238
56 418
56 479
56 487
57 58
57 85
57 115
57 381
57 427
57 492
58 323
59 62
59 78
59 79
59 87
59 103
59 106
59 116
59 169
59 192
59 292
59 310
59 419
59 461
60 70
60 76
60 99
60 163
60 202
60 243
60 256
60 265
60 285
60 305
60 313
60 357
60 414
60 469
60 490
61 96
61 184
61 231
62 67
62 113
62 130
62 139
62 143
62 267
62 301
62 355
62 400
62 465
63 78
63 88
63 101
63 149
63 150
63 180
63 201
63 229
63 373
63 374
64 115
64 161
64 180
64 211
65 209
65 262
65 303
66 141
66 159
66 164
66 198
66 254
66 268
66 397
66 432
67 70
67 110
67 127
67 149
67 192
67 214
67 223
67 228
67 239
67 257
67 261
67 305
67 345
67 363
67 428
67 441
67 456
68 184
69 93
69 126
69 376
70 71
70 119
70 174
70 349
70 358
70 378
70 460
71 193
71 280
72 74
72 170
72 189
72 394
72 425
72 470
73 123
73 146
73 186
73 222
73 485
74 76
74 85
74 92
74 119
74 128
74 133
74 216
74 238
74 249
74 271
74 273
74 311
74 313
74 348
74 374
74 470
74 493
75 76
75 124
75 138
75 201
75 215
75 223
75 499
76 98
76 371
76 439
77 118
77 129
77 265
78 107
78 181
78 325
79 88
79 100
79 107
80 86
80 97
80 116
80 120
80 130
80 176
80 401
80 428
80 469
80 491
81 83
81 170
81 178
81 185
81 251
81 266
81 476
82 113
82 156
82 315
82 383
82 406
82 448
82 466
83 113
83 132
83 137
83 225
83 261
83 298
83 327
83 360
83 382
83 404
84 167
84 341
84 357
84 399
85 123
85 130
85 137
85 147
85 240
85 386
86 125
86 173
86 189
86 338
86 339
87 111
87 219
87 242
87 255
87 312
87 359
87 384
87 401
87 474
88 210
88 401
88 403
88 437
88 443
88 463
89 96
89 142
89 175
89 199
89 258
89 274
89 320
89 348
89 377
89 446
90 380
91 94
91 121
91 183
91 220
91 320
92 97
92 119
92 170
92 284
92 308
92 349
92 370
92 411
92 412
92 483
93 112
93 114
93 135
93 263
93 412
93 454
94 319
95 316
96 121
96 148
96 205
96 290
96 340
96 370
96 430
96 435
97 106
97 107
97 147
97 160
97 183
97 287
97 458
98 246
98 440
98 493
99 101
99 133
99 221
99 234
99 279
99 296
99 309
99 362
99 388
99 449
99 486
100 171
100 174
100 249
100 356
101 168
101 207
101 230
101 236
101 308
102 237
102 315
102 336
102 432
102 482
103 167
103 287
105 122
105 149
105 185
105 197
105 227
105 244
105 344
105 346
106 147
106 160
106 166
106 213
106 219
106 280
106 293
106 295
106 353
106 449
106 463
106 468
107 162
107 182
107 260
107 357
107 498
108 346
109 118
109 153
109 154
109 189
109 248
109 275
109 355
109 371
109 387
109 419
109 424
109 463
109 489
109 497
110 123
110 138
110 161
110 299
110 335
110 454
111 155
111 165
111 481
112 272
113 167
113 199
113 229
113 339
114 132
114 452
115 200
115 257
115 406
116 127
116 137
116 254
116 307
116 374
116 395
117 488
118 152
118 164
118 172
118 191
118 206
118 266
118 277
118 295
118 322
118 328
118 338
118 339
118 438
119 178
119 185
119 341
119 395
119 435
119 492
120 196
120 234
120 303
120 399
120 421
120 476
121 198
121 392
123 125
123 130
123 191
123 381
125 140
125 150
125 171
125 219
125 319
125 323
125 455
126 155
126 204
126 212
126 222
126 237
127 172
127 376
127 389
127 498
128 150
128 158
128 211
128 286
128 377
128 378
128 406
128 463
129 299
129 301
129 367
130 310
130 487
130 495
131 145
131 191
131 199
131 204
131 249
131 317
131 364
131 372
131 431
132 136
132 248
133 139
133 161
133 189
133 209
133 232
133 239
133 348
133 427
133 450
133 485
134 185
134 264
135 144
135 227
135 256
135 277
135 280
135 361
135 410
135 416
136 215
136 269
136 303
136 402
136 439
136 466
137 197
137 309
137 333
137 487
138 250
138 369
139 142
139 182
141 252
141 423
141 459
142 317
143 428
144 168
144 179
144 299
144 302
144 304
144 336
144 376
144 405
145 187
145 191
145 213
145 214
145 262
145 298
146 156
146 162
146 220
146 351
146 436
147 154
147 188
147 224
147 253
147 326
148 474
149 163
149 210
149 218
149 263
149 307
149 372
149 394
150 154
150 156
150 325
150 330
150 384
150 443
153 190
153 194
153 222
153 368
154 294
154 409
154 488
156 200
156 205
156 250
157 240
157 247
157 251
157 253
157 470
158 183
158 245
158 271
160 195
160 227
160 433
160 490
161 174
161 201
161 238
161 288
161 362
161 426
162 196
162 290
163 217
163 289
163 381
163 393
164 187
164 196
165 181
165 194
165 291
165 343
166 361
166 445
166 453
167 177
167 221
167 360
168 172
168 208
168 213
168 214
168 282
168 364
169 274
169 308
169 427
170 240
170 297
170 311
170 332
170 340
170 467
170 499
171 215
171 432
173 179
173 181
173 184
173 268
173 296
173 302
173 404
173 438
173 439
174 176
174 293
174 296
174 330
174 424
174 425
175 180
175 270
175 275
175 281
175 314
176 253
176 291
176 294
176 391
176 447
177 480
178 186
178 218
179 241
179 265
179 483
180 267
181 344
181 353
181 367
181 429
182 286
183 375
183 387
183 417
185 331
185 365
185 467
186 312
186 326
187 203
188 276
188 350
188 438
189 474
190 390
191 286
191 436
192 325
192 390
192 453
192 458
193 300
193 324
193 385
193 410
193 447
194 419
194 438
195 203
195 433
196 386
197 244
198 206
198 241
198 311
199 204
199 246
199 263
199 269
199 451
200 294
200 366
200 430
200 431
201 220
201 294
201 395
202 295
202 465
204 323
206 303
207 226
207 321
207 416
207 452
207 455
207 479
208 366
208 471
211 237
212 482
213 245
213 247
213 283
214 288
214 398
214 420
214 446
215 242
215 450
216 285
217 230
217 231
217 283
219 250
219 462
220 351
221 269
221 282
221 343
223 259
223 344
224 278
224 281
224 385
224 432
224 460
226 469
228 268
228 284
229 259
230 403
230 419
231 456
231 497
232 252
232 392
232 459
234 273
234 279
234 329
234 337
234 360
234 435
234 456
236 477
238 339
239 257
239 284
239 410
240 244
241 259
241 455
242 328
242 411
243 317
243 326
243 423
243 485
243 498
244 327
244 332
245 270
245 312
245 462
246 347
247 371
247 409
247 442
247 475
249 422
249 472
250 424
251 292
253 256
253 268
253 281
253 385
254 266
254 306
254 468
255 301
255 334
255 398
258 293
258 320
258 445
258 461
258 481
259 276
259 356
259 460
261 277
261 388
261 442
262 320
262 327
262 357
262 461
263 316
265 360
266 405
266 434
266 472
267 378
267 450
268 325
269 307
271 330
273 457
273 476
273 488
273 493
276 308
276 335
276 388
276 466
277 477
278 283
278 315
281 311
281 404
281 408
282 354
282 426
283 333
283 379
285 310
286 482
287 302
287 478
289 471
290 312
290 322
290 334
290 447
291 441
292 393
292 480
294 363
296 393
297 484
299 322
300 399
300 425
300 473
302 315
302 337
302 387
302 391
302 453
305 444
306 367
307 352
307 364
307 496
308 354
308 362
308 390
308 483
312 465
313 349
314 396
315 416
316 430
316 452
318 429
319 484
319 491
320 345
323 377
325 373
327 337
328 349
328 353
328 390
328 457
329 372
329 380
329 383
329 450
330 362
331 400
332 405
334 358
334 448
334 479
338 471
340 345
340 365
340 492
344 467
347 355
347 392
347 481
351 498
353 394
355 402
355 415
355 465
356 386
357 420
358 479
359 411
360 449
362 493
366 372
366 425
368 441
369 412
369 494
371 422
372 427
372 434
372 499
374 428
377 453
378 495
380 396
380 408
381 423
383 477
384 447
389 408
392 420
393 422
393 445
393 489
397 440
399 407
399 446
402 488
404 415
404 418
406 489
408 497
411 478
413 485
413 486
415 480
417 487
418 460
419 477
428 473
432 480
437 451
445 461
446 472
453 482
462 486
477 494
