0 121
0 237
1 6
2 90
2 147
3 354
4 56
4 63
4 153
4 163
4 430
5 66
5 71
5 77
5 81
5 235
6 64
7 20
7 24
7 36
7 143
7 364
8 56
8 277
9 100
9 136
9 161
10 232
11 117
12 72
12 148
13 52
13 100
13 163
14 148
15 42
15 133
15 148
16 75
16 130
16 131
16 143
16 157
17 85
17 144
17 396
19 28
20 76
20 110
20 113
20 159
21 54
22 52
22 281
23 85
23 88
23 145
23 228
24 30
24 44
24 48
25 26
25 115
25 127
25 147
26 125
26 163
26 347
27 86
27 94
27 165
27 264
27 494
28 85
28 134
28 167
29 101
29 132
29 141
30 39
30 132
31 281
32 46
32 95
32 101
33 318
34 78
35 44
35 86
35 117
36 110
37 68
37 118
37 331
38 98
38 318
39 129
39 146
40 124
40 126
40 164
43 65
43 75
43 79
43 456
44 244
45 66
45 99
46 109
46 151
47 98
48 153
48 165
48 178
48 268
49 54
49 132
50 91
50 104
51 131
51 296
52 97
52 137
52 154
52 252
52 263
52 345
53 70
53 99
53 288
55 123
57 70
57 76
57 90
57 113
58 100
58 129
58 270
59 94
59 126
60 124
60 142
60 154
61 74
63 136
64 131
65 150
66 145
66 273
67 79
67 161
68 79
68 162
69 292
70 210
71 134
72 78
72 99
73 391
73 490
74 83
75 137
76 98
77 79
78 92
79 126
79 234
80 117
81 98
82 383
83 123
83 168
83 342
84 128
85 150
86 107
87 165
88 164
90 159
90 222
91 123
91 141
92 117
92 179
92 249
92 278
93 96
93 321
93 440
93 487
94 97
95 140
97 156
97 191
97 422
98 114
99 320
100 148
101 163
102 349
102 398
103 115
106 107
106 149
106 329
107 389
109 136
109 466
110 121
110 129
111 115
111 120
112 221
112 287
113 122
114 116
115 125
115 148
118 123
119 133
120 135
123 141
124 151
126 136
126 156
126 185
129 330
130 398
134 150
135 172
136 254
138 140
138 147
139 218
146 408
148 201
148 309
149 160
152 179
152 272
153 311
156 428
157 451
158 183
160 291
162 403
166 218
166 228
166 280
166 308
166 310
166 329
167 189
167 323
168 321
169 197
169 291
170 304
170 316
170 328
171 206
171 255
172 200
172 287
172 303
172 369
173 235
173 406
174 249
174 263
174 368
175 251
175 253
175 294
175 434
176 226
177 252
177 262
177 297
177 316
177 385
178 184
178 236
178 250
178 258
179 257
179 441
180 208
182 189
182 308
183 318
183 319
183 425
184 249
184 306
187 209
187 238
187 265
188 246
188 277
189 277
190 191
190 232
191 291
191 346
192 258
193 235
194 214
194 223
194 238
194 281
194 326
194 445
195 319
197 282
197 295
198 215
198 256
198 262
198 325
199 262
199 304
200 209
201 263
201 434
202 219
203 310
203 314
206 316
207 292
208 274
208 320
209 224
209 261
210 214
210 237
210 314
211 228
212 238
212 259
212 267
212 328
213 219
214 331
215 294
216 241
217 225
217 257
217 384
218 284
219 233
220 233
220 323
222 294
222 467
223 310
224 275
224 289
224 461
227 268
227 330
228 309
229 314
229 326
230 286
230 377
231 246
231 305
232 255
232 267
232 300
233 276
233 328
234 286
236 303
237 298
237 303
238 321
239 261
239 329
240 298
240 309
241 481
243 270
244 251
244 304
245 296
246 258
246 306
247 323
248 292
249 256
249 276
250 290
251 317
252 331
253 332
254 460
255 328
256 282
256 377
260 385
261 415
264 280
265 270
267 354
268 289
268 315
272 424
275 297
276 286
278 391
279 325
280 326
280 344
280 399
282 284
282 312
284 294
284 302
284 309
284 318
285 450
285 485
285 491
287 358
288 295
290 444
292 316
292 346
292 471
293 302
293 330
295 307
296 381
301 313
302 321
302 329
306 378
307 374
309 323
309 395
309 434
310 320
310 323
314 315
314 470
325 422
333 391
334 406
334 433
335 441
336 338
336 426
336 465
336 498
337 379
338 361
338 448
339 408
340 456
341 389
341 396
341 410
341 442
342 380
342 397
342 457
343 402
343 425
344 355
344 370
344 481
344 483
344 487
345 349
346 374
346 382
346 387
346 397
346 415
347 360
347 407
347 427
347 497
348 395
348 398
348 403
348 431
349 388
350 355
350 395
351 357
351 429
351 440
352 443
353 406
354 435
354 462
355 392
355 467
356 357
356 430
356 479
357 404
358 378
358 449
359 376
359 400
359 406
360 379
360 402
360 409
360 415
360 448
360 459
360 476
361 378
361 492
361 493
362 444
363 377
363 487
365 409
365 432
366 481
367 393
367 397
367 426
367 466
368 384
368 413
369 373
369 375
369 404
369 461
370 448
371 380
371 407
371 469
372 388
372 393
373 409
373 460
374 375
374 384
374 407
374 424
374 469
374 486
375 459
376 479
377 451
378 471
379 388
380 420
382 488
384 428
384 468
385 446
388 484
391 404
391 411
391 446
392 396
392 398
394 418
396 491
398 421
399 428
399 432
399 445
399 471
400 450
400 492
401 448
402 417
402 492
403 448
404 435
404 496
405 421
405 442
406 463
406 465
406 471
407 489
410 430
410 449
410 479
411 421
414 458
416 466
416 494
417 422
417 424
417 428
417 489
417 498
418 466
421 475
425 442
425 477
426 428
426 450
427 447
427 477
427 480
427 484
427 493
428 448
428 456
431 480
433 482
438 498
439 493
440 450
443 480
445 484
454 476
454 487
455 458
455 490
457 462
460 466
460 470
461 473
463 465
463 482
467 478
475 481
479 498
484 488
485 496
