0 1
0 2
0 4
0 17
0 28
0 34
0 35
0 45
0 63
0 65
0 82
0 86
0 89
0 102
0 124
0 147
0 153
0 165
0 203
0 210
0 219
0 220
0 227
0 252
0 257
0 277
0 331
0 410
0 454
0 463
1 20
1 25
1 52
1 62
1 68
1 76
1 88
1 109
1 122
1 128
1 170
1 209
1 217
1 229
1 296
1 299
1 308
1 362
1 373
1 423
1 435
1 482
2 3
2 5
2 6
2 7
2 10
2 11
2 13
2 23
2 37
2 48
2 51
2 59
2 64
2 73
2 92
2 93
2 137
2 143
2 151
2 168
2 196
2 208
2 234
2 262
2 368
2 384
2 475
2 487
4 8
4 31
4 40
4 44
4 106
4 116
4 148
4 297
4 363
5 30
5 94
5 111
5 380
6 9
6 14
6 36
6 129
6 224
6 333
6 356
6 365
6 437
7 43
7 87
7 114
7 159
7 189
7 216
7 218
7 276
7 300
7 418
7 447
7 480
8 15
8 18
8 22
8 61
8 78
8 108
8 130
8 142
8 329
8 378
8 490
9 27
9 79
9 103
9 295
9 404
10 237
11 12
11 16
11 24
12 57
12 332
13 95
13 141
13 171
13 173
14 32
14 42
14 117
14 353
14 360
14 372
14 466
14 472
15 80
15 85
15 104
15 138
15 188
15 266
15 394
15 411
17 19
17 26
17 33
17 46
17 135
17 150
17 211
17 310
17 428
18 123
18 184
18 304
18 314
19 21
19 49
19 91
19 251
19 270
19 283
19 301
19 340
19 376
19 457
19 488
20 164
20 256
20 319
20 328
22 190
22 281
22 289
22 305
22 385
22 451
24 157
24 298
24 351
25 55
25 119
25 268
25 273
25 288
26 29
26 58
26 121
26 261
26 263
26 307
26 343
26 347
26 375
26 446
28 47
28 120
28 205
28 230
29 60
29 180
30 38
30 39
30 56
30 81
30 83
30 100
30 110
30 115
30 125
30 149
30 161
30 187
30 192
30 200
30 226
30 228
30 231
30 427
31 54
31 235
32 41
32 53
32 98
32 112
32 233
32 327
32 334
32 366
32 395
32 476
35 250
36 183
37 204
37 453
40 207
41 69
42 67
42 194
42 396
42 450
44 50
44 293
44 320
45 84
45 96
45 126
47 70
47 107
47 154
47 253
47 287
47 339
47 357
50 391
51 172
51 179
51 337
51 379
52 105
53 383
54 131
54 499
57 99
57 199
57 259
57 442
59 315
59 345
61 71
63 464
65 66
65 74
65 101
65 163
65 195
65 238
65 316
65 458
66 175
66 260
67 97
68 397
68 434
69 232
69 249
70 75
70 77
70 377
70 400
70 415
71 72
71 158
71 206
72 113
72 386
73 145
73 152
73 202
74 127
74 144
74 313
75 355
78 140
78 318
78 402
80 134
80 248
80 484
81 258
83 156
83 456
85 90
85 166
85 407
85 460
86 191
86 269
86 448
86 492
87 198
87 321
88 181
88 245
88 440
93 408
93 467
94 429
96 469
97 201
99 182
100 465
102 118
102 481
103 459
107 236
110 222
111 212
111 213
114 239
115 242
116 133
117 197
117 317
119 382
119 420
120 162
120 497
122 285
124 146
124 292
125 160
127 167
128 132
128 214
129 374
130 176
130 387
131 136
131 271
131 291
131 401
131 414
137 155
138 139
138 421
139 468
141 177
141 444
141 493
145 241
145 278
145 302
145 349
145 462
146 284
146 388
147 169
148 280
149 265
149 381
149 438
152 264
155 244
156 240
156 272
157 186
157 461
160 312
161 255
162 178
163 174
163 371
163 491
164 185
164 215
164 223
164 225
164 290
164 406
168 243
168 246
171 221
174 390
174 393
174 455
183 358
184 392
186 193
186 254
186 325
186 369
188 294
188 336
188 486
196 267
202 354
202 474
205 279
208 275
208 311
211 419
213 322
218 424
218 471
220 430
221 303
223 364
227 247
229 431
237 306
242 346
245 478
246 342
252 274
256 323
256 399
257 326
260 389
262 367
267 344
269 439
270 330
270 452
271 282
274 324
274 361
275 350
282 286
282 335
282 338
282 477
285 403
286 309
288 348
288 441
293 405
298 417
303 485
307 341
308 409
311 359
312 495
317 425
317 489
318 436
332 416
333 443
335 352
339 483
350 370
350 398
359 422
364 449
365 445
369 426
370 413
406 412
407 432
411 470
417 473
421 479
427 433
445 496
460 494
494 498
