0 18
0 21
0 165
1 58
1 68
1 111
1 142
1 230
2 43
2 68
2 78
2 81
2 106
2 130
3 156
3 191
3 206
3 309
4 5
4 46
4 51
4 57
4 90
4 224
5 7
5 20
5 38
5 52
5 99
5 124
5 136
5 140
5 164
5 270
6 23
6 40
6 80
6 96
6 97
6 128
6 152
6 160
6 361
7 31
7 75
7 156
8 24
9 20
9 31
9 112
9 142
9 275
10 93
11 18
11 53
11 126
11 448
12 20
12 22
12 56
12 65
12 141
12 147
12 159
13 58
13 70
13 126
13 128
13 134
13 451
14 74
14 137
14 343
15 89
15 96
15 98
15 110
15 111
15 321
16 103
16 137
17 67
17 87
17 121
18 92
18 125
18 141
18 158
18 375
19 35
19 52
19 84
19 86
19 105
19 106
19 136
19 143
19 456
20 102
20 103
20 130
20 140
20 148
20 160
21 68
21 78
21 80
21 145
21 146
21 271
21 312
21 499
22 83
22 179
22 421
23 49
23 54
23 107
24 66
24 118
24 160
24 220
24 350
25 76
25 80
25 92
25 96
25 132
25 145
25 152
26 47
26 57
26 95
26 110
26 119
26 140
27 77
27 84
27 97
27 113
27 339
28 99
28 125
28 160
28 164
29 58
29 163
29 434
30 31
30 107
30 135
30 254
32 40
32 78
32 104
32 410
32 418
33 40
33 48
33 80
33 135
33 208
34 156
34 307
34 461
34 494
35 48
35 68
35 137
35 152
36 58
36 92
36 108
36 130
37 69
37 88
37 110
37 111
37 113
38 112
38 121
38 151
38 364
38 453
38 475
39 73
39 170
40 123
41 84
41 156
42 126
43 48
44 57
44 83
44 86
44 97
44 120
44 131
45 63
45 108
45 126
45 154
45 254
46 66
46 79
46 146
46 174
47 138
47 157
48 52
48 76
48 118
48 162
48 254
49 97
50 85
50 122
50 206
50 380
51 159
51 356
51 470
51 491
52 103
52 391
53 81
53 91
53 164
53 455
55 56
55 80
55 134
55 337
56 63
56 145
56 316
57 134
57 154
57 269
57 428
58 62
58 133
58 158
59 114
59 150
59 159
59 207
59 341
60 77
60 149
60 248
62 68
62 86
62 159
62 163
62 253
62 321
63 110
63 160
63 205
63 330
64 72
64 83
64 116
64 311
65 91
65 103
65 115
65 144
66 163
66 448
67 83
67 374
67 390
67 394
68 78
68 95
68 101
69 112
69 140
69 152
70 350
70 467
71 77
71 118
71 148
71 154
71 280
72 163
72 317
73 89
73 131
74 129
74 130
74 148
74 156
75 430
76 91
76 118
77 94
77 97
78 112
78 159
78 496
79 84
79 100
80 85
80 99
81 115
81 293
82 139
82 146
83 84
83 104
83 143
83 224
83 289
84 103
84 131
84 149
85 151
86 118
87 137
88 89
89 90
89 124
89 379
90 124
90 126
90 155
90 157
91 92
91 109
91 141
91 498
92 120
92 132
92 138
92 165
92 398
92 455
93 99
93 142
94 101
95 159
96 130
96 133
96 140
97 102
97 139
97 396
98 109
98 131
98 162
99 464
100 122
100 126
100 141
100 220
101 104
102 156
103 125
103 139
104 141
104 145
104 326
105 125
105 127
105 145
105 396
105 397
106 142
106 143
106 403
107 124
107 133
108 357
108 422
109 131
109 158
110 149
110 238
111 124
112 136
112 138
112 200
113 125
113 429
113 460
113 478
115 144
115 159
115 197
116 124
116 132
116 238
117 132
117 148
117 196
117 477
118 129
118 407
119 360
120 160
121 131
121 143
121 175
122 128
123 139
124 130
125 141
126 451
127 146
128 131
128 370
128 381
130 192
132 142
132 143
132 149
132 376
133 144
133 161
133 176
133 394
134 279
134 405
136 148
136 380
137 139
137 318
137 347
137 452
138 165
139 144
139 159
140 186
141 144
141 155
141 201
141 220
141 288
141 305
142 327
143 154
143 156
143 204
143 352
145 163
145 191
145 382
146 322
147 155
149 272
151 325
152 160
152 484
154 163
155 161
157 466
158 203
160 245
161 329
162 356
163 259
164 195
164 324
164 403
164 442
164 466
165 273
165 404
166 359
167 171
167 233
167 248
168 174
168 187
168 215
168 224
168 323
168 419
169 175
169 235
169 268
169 280
169 294
169 308
169 315
169 316
169 375
170 213
170 220
170 310
170 318
170 459
171 204
171 220
171 316
171 325
172 176
172 192
172 203
172 251
172 280
173 215
173 247
173 273
173 299
173 319
173 402
174 187
174 210
174 499
175 191
175 231
175 295
175 310
176 183
176 198
176 275
176 394
177 228
177 249
177 303
177 316
178 182
178 242
178 247
178 282
178 312
179 200
179 207
179 213
179 304
179 310
179 331
180 295
181 229
181 232
181 325
182 199
182 231
182 254
182 288
182 305
183 223
184 222
184 257
184 284
184 295
184 302
184 329
185 228
185 269
185 326
186 190
186 249
186 300
186 311
186 325
187 330
188 197
188 202
188 268
188 286
188 302
189 316
189 411
189 422
190 208
190 214
190 279
190 316
190 319
191 206
191 216
191 347
192 263
193 256
193 304
193 309
193 470
194 312
194 376
195 237
195 392
196 295
196 361
196 482
197 278
197 361
198 213
198 223
198 231
198 256
198 260
199 218
199 224
200 214
200 220
200 287
200 308
200 329
201 299
201 308
201 328
201 332
201 390
201 392
202 264
202 270
202 271
202 284
202 290
203 214
203 215
203 232
203 254
203 260
203 271
203 280
203 301
203 303
204 220
204 229
204 272
204 300
204 319
205 218
205 261
205 274
205 304
206 255
206 287
206 312
206 446
207 226
207 264
207 319
207 320
208 210
208 263
208 290
209 226
209 297
209 323
210 253
210 287
210 302
210 345
210 448
210 478
211 290
212 222
212 297
212 318
212 327
212 328
213 263
214 270
215 216
215 291
215 306
215 459
216 272
216 317
216 330
217 281
217 296
217 311
218 260
218 267
218 272
218 313
218 429
219 249
219 254
219 295
219 297
220 226
220 260
220 268
220 297
221 227
221 239
221 314
221 397
222 234
223 270
223 313
223 321
223 394
224 230
224 239
224 262
224 274
224 327
224 379
225 242
225 285
226 316
226 323
227 230
227 265
227 269
228 236
228 309
228 331
229 242
229 297
229 311
230 277
230 328
231 236
232 236
232 272
233 262
233 298
234 270
235 301
235 307
236 276
237 470
239 283
239 318
240 252
240 299
240 322
240 377
241 243
242 271
243 321
244 263
245 286
245 309
245 310
246 250
246 254
246 314
248 255
248 259
249 251
249 252
249 308
249 329
249 330
250 269
250 293
250 298
250 321
251 304
251 331
251 378
251 478
252 257
252 294
252 400
253 264
253 290
253 295
253 425
254 281
254 301
254 341
255 277
255 310
256 259
256 262
256 278
256 303
257 262
257 270
257 272
257 322
258 318
259 320
259 429
260 291
261 285
262 265
262 374
263 318
264 272
264 273
264 305
265 482
267 268
267 272
267 322
268 279
269 310
269 407
269 417
270 289
270 325
271 300
271 482
272 302
272 317
272 323
272 325
272 465
273 293
273 315
273 387
273 428
274 301
274 311
274 380
274 496
275 278
275 310
276 281
276 293
276 296
276 327
277 301
277 322
277 486
278 319
279 305
279 325
279 329
280 285
281 308
281 315
281 325
282 299
284 306
284 332
285 294
286 449
288 292
289 294
289 439
290 420
290 486
291 308
291 318
291 430
292 303
293 296
294 327
295 331
296 298
296 329
296 330
298 302
298 471
299 301
299 329
300 320
302 311
302 360
303 326
304 307
304 309
304 364
304 437
304 454
305 361
305 454
306 309
306 317
306 356
307 313
307 317
307 328
307 368
308 474
311 315
311 323
313 322
314 317
315 316
315 368
316 318
316 325
317 320
318 467
320 380
323 415
324 494
326 329
330 347
333 337
333 466
334 340
334 371
334 437
334 461
334 471
335 389
335 423
335 446
335 463
335 481
336 342
336 352
336 384
336 395
336 409
336 412
336 425
336 457
336 478
337 359
337 393
337 460
337 485
337 495
337 499
338 394
338 414
338 421
338 447
339 389
339 423
340 343
340 372
341 346
341 380
341 426
341 435
341 493
342 371
342 376
342 386
342 439
342 465
342 478
343 365
343 402
343 474
343 497
343 498
344 361
344 363
344 379
345 359
345 369
345 466
345 469
346 465
346 468
346 492
347 354
347 414
348 393
348 445
348 498
349 357
349 397
349 431
349 444
349 460
349 483
350 351
350 381
350 396
350 456
350 495
350 498
351 373
352 375
352 426
353 354
353 364
353 452
354 386
354 407
354 433
355 359
355 428
355 486
356 358
356 373
357 359
357 409
357 411
357 475
359 391
359 485
360 373
360 437
360 493
361 370
361 381
361 490
362 383
362 431
362 439
362 491
362 494
363 430
363 450
363 452
363 465
363 473
364 462
364 464
364 483
365 449
365 487
365 495
367 380
367 419
368 372
368 421
368 425
368 426
368 431
368 435
368 491
369 404
370 395
370 418
370 434
370 444
371 377
371 397
371 406
371 470
372 394
372 431
372 436
372 478
373 415
373 426
373 470
374 387
374 398
374 401
375 395
376 378
376 416
377 383
377 409
377 412
377 442
378 379
378 411
378 413
378 453
378 458
378 497
379 383
379 400
379 430
379 432
379 464
379 465
379 473
379 474
380 421
380 479
381 410
381 418
381 469
382 410
382 460
383 386
383 407
383 413
383 430
383 438
383 455
383 463
383 489
384 449
384 463
384 471
385 389
385 395
385 425
385 480
386 431
386 468
387 485
387 493
387 499
388 460
388 493
389 448
389 460
389 467
389 498
390 395
390 404
390 418
390 448
390 460
391 399
392 395
393 406
393 407
393 433
393 444
393 461
393 467
394 425
394 478
396 443
396 456
396 485
398 431
398 450
398 459
398 495
399 479
400 467
400 486
401 455
401 470
401 491
402 437
402 447
402 467
402 481
403 472
404 409
404 427
404 453
404 465
404 496
405 431
405 438
405 449
405 477
406 409
406 410
406 421
406 439
407 448
407 450
408 411
408 449
408 477
409 467
410 466
410 474
411 470
411 487
412 488
413 444
413 470
414 419
414 467
415 491
416 435
416 495
416 497
417 456
417 461
417 487
418 431
418 455
419 433
419 434
419 446
421 449
421 497
422 460
423 465
423 468
423 481
424 452
425 451
425 461
425 486
425 498
426 467
427 456
427 460
427 464
428 445
428 473
429 433
430 452
432 433
432 450
432 456
432 491
434 443
434 445
435 471
437 476
437 486
438 447
439 493
441 455
442 464
442 471
445 458
445 472
446 448
446 462
446 463
446 481
447 468
448 468
448 482
448 497
449 494
451 457
452 483
452 495
452 499
453 495
458 471
458 477
459 465
461 479
462 487
462 491
463 482
464 472
464 486
466 473
468 492
470 485
472 481
472 482
478 490
481 499
485 499
486 495
487 495
489 493
491 498
492 498
