0 65
0 66
0 76
0 84
0 102
0 104
0 147
1 14
1 64
1 76
1 96
1 107
1 114
1 129
1 130
1 165
2 80
2 165
2 417
3 15
3 20
3 26
3 35
3 74
3 99
3 163
4 8
4 17
4 19
4 97
4 129
5 22
5 26
5 49
5 53
5 83
5 114
5 133
5 156
5 347
6 64
6 139
6 224
7 59
7 96
7 103
7 175
7 303
7 314
8 34
8 52
8 134
8 139
8 154
8 405
8 486
9 17
9 18
9 23
9 114
9 143
9 144
9 152
9 155
9 162
9 194
9 449
10 40
10 49
10 69
10 70
10 87
10 89
10 110
10 153
10 297
11 20
11 34
11 58
11 60
11 98
11 106
11 229
12 36
12 78
12 108
12 122
12 131
12 165
13 22
13 53
13 79
13 93
13 107
13 123
13 139
14 22
14 26
14 48
14 84
14 234
14 306
15 28
15 38
15 49
15 52
15 83
15 103
15 107
15 116
15 148
15 377
16 46
16 71
17 42
17 81
17 85
17 92
17 107
17 117
17 160
17 239
18 99
18 161
19 73
19 102
19 437
20 46
20 69
20 70
20 73
20 79
20 94
20 122
20 138
20 162
21 132
21 133
21 291
21 345
22 112
23 49
23 372
23 468
24 32
24 40
24 63
24 90
24 94
24 126
24 136
24 161
24 276
25 38
25 70
25 88
25 114
25 137
25 431
26 40
26 59
26 60
26 66
26 127
26 146
27 52
27 76
27 491
28 59
28 119
28 136
28 302
29 83
29 100
29 143
29 170
29 180
30 76
30 97
30 424
31 51
31 81
31 170
31 184
31 217
31 374
31 390
31 472
32 56
32 104
32 105
32 137
32 141
32 202
32 464
33 42
33 78
33 96
33 135
33 145
33 155
33 159
34 77
34 124
34 411
34 498
35 56
35 82
35 103
35 118
35 161
35 364
35 416
35 460
36 55
36 75
36 129
37 85
37 122
37 133
37 136
37 149
37 165
37 250
37 438
38 43
38 63
38 73
38 99
38 150
38 260
39 60
39 62
39 104
39 159
39 440
40 41
40 55
40 77
40 79
40 89
41 50
41 55
41 101
42 52
42 55
42 119
43 79
43 107
43 120
43 133
43 135
43 204
43 411
44 64
44 81
44 142
44 153
44 351
44 480
45 49
45 88
45 114
45 122
45 164
45 355
45 401
45 465
46 54
46 66
46 67
46 92
46 118
46 143
46 214
46 436
46 443
47 58
47 69
47 70
47 71
47 73
47 123
47 299
47 327
47 435
48 136
48 165
48 244
49 77
49 84
49 86
49 88
49 91
49 369
49 428
49 443
50 57
50 63
50 70
50 95
50 96
50 97
50 99
50 114
50 179
51 59
51 64
52 63
52 71
52 117
52 136
52 144
53 62
53 72
53 88
53 92
53 129
53 146
53 261
53 308
54 74
54 76
54 96
54 97
54 137
54 152
54 289
54 347
55 107
55 152
55 282
56 60
56 113
56 124
56 171
56 389
56 427
57 64
57 75
57 83
57 95
57 96
58 146
58 154
58 286
59 69
59 90
59 159
59 318
59 352
59 449
60 94
60 129
60 137
60 140
60 144
60 199
61 78
61 95
61 127
62 105
62 121
62 131
62 139
62 141
62 261
62 424
63 66
63 98
63 108
63 150
63 156
63 271
63 429
63 461
64 125
64 138
64 159
65 83
65 160
65 164
65 219
65 331
66 74
66 154
66 222
66 281
66 316
67 84
67 128
67 132
67 315
68 75
68 92
68 138
68 362
69 83
69 150
69 294
70 76
70 79
70 128
70 140
70 148
71 74
71 90
72 109
72 111
72 121
72 125
72 129
72 141
73 99
73 149
73 227
73 403
74 91
74 97
74 101
74 115
74 134
74 161
74 215
74 343
74 393
75 135
75 141
75 145
76 84
76 100
76 118
76 122
76 131
76 134
77 236
77 476
78 162
78 191
78 378
78 492
79 112
79 132
80 147
80 152
80 161
80 165
81 82
81 89
81 107
81 122
81 138
81 142
81 231
82 92
82 158
83 84
83 122
84 105
84 117
84 149
84 160
84 363
85 89
85 104
85 130
85 150
86 102
86 132
87 95
87 121
87 130
87 136
87 145
87 152
87 496
88 120
88 154
89 96
89 100
89 103
89 299
90 100
90 470
91 97
91 119
91 130
91 133
91 156
91 363
92 104
92 126
93 104
93 372
94 112
95 136
95 137
95 210
95 342
95 414
96 135
96 155
96 400
96 475
97 125
97 342
98 103
98 128
98 131
98 146
99 102
99 148
100 113
100 119
100 134
100 135
100 142
101 111
101 113
101 119
101 141
101 466
102 120
102 160
102 216
102 437
103 107
103 158
104 151
104 162
104 192
105 130
105 479
106 121
106 132
106 151
106 184
107 113
107 117
107 118
107 119
107 122
107 126
107 145
107 267
108 163
109 120
109 134
109 138
109 224
111 125
111 141
111 150
111 357
112 414
113 155
113 486
114 122
114 172
114 185
115 117
115 165
116 236
116 471
117 230
117 291
117 421
118 138
118 154
119 146
119 447
122 125
122 347
123 141
124 149
125 140
125 198
125 209
125 263
126 136
126 236
126 268
126 336
126 453
127 341
128 323
128 427
129 164
129 232
129 408
130 402
132 146
132 160
132 181
132 211
132 481
133 134
134 140
134 257
134 309
134 359
135 402
135 418
138 162
139 316
140 235
141 164
142 155
143 352
144 145
144 159
144 336
144 414
145 158
145 216
145 251
145 259
146 182
147 154
147 164
147 216
147 218
147 320
148 444
148 478
149 158
151 165
153 393
154 197
155 165
155 277
156 473
159 160
159 165
159 271
165 277
165 279
166 185
166 242
166 250
166 258
166 265
166 298
166 305
166 313
166 322
166 495
167 176
167 261
167 267
167 313
168 184
168 195
168 207
168 227
168 247
168 255
168 304
168 309
168 325
169 179
169 188
169 189
169 212
169 214
169 258
169 275
169 297
169 304
169 316
169 330
169 486
170 181
170 216
170 219
170 274
171 205
171 206
171 210
171 232
171 233
171 266
171 300
171 310
171 324
171 325
171 332
172 182
172 256
172 260
172 272
172 274
172 296
173 190
173 206
173 235
173 247
173 250
173 319
174 205
174 209
174 218
174 254
174 287
174 302
174 305
174 313
174 317
174 441
175 199
175 242
175 253
175 260
175 263
175 324
175 412
176 186
176 195
176 214
176 245
176 276
176 315
176 363
177 178
177 187
177 192
177 200
177 211
177 220
177 261
177 262
178 210
178 232
178 331
179 193
179 238
179 239
179 241
179 254
180 240
180 277
180 291
180 293
180 296
180 307
180 315
180 329
181 208
181 213
181 266
181 288
181 309
181 320
182 250
182 287
182 299
182 312
182 319
182 322
182 350
183 223
183 245
183 250
183 259
184 202
184 245
184 262
184 270
184 306
184 321
185 202
185 230
185 231
185 269
186 202
186 206
186 213
186 274
186 296
186 329
187 245
187 267
187 268
187 289
187 307
187 320
188 212
188 218
188 279
188 434
189 202
189 203
189 252
189 274
189 314
189 493
190 221
190 247
190 287
190 291
190 303
190 314
190 319
191 210
191 217
191 242
191 299
191 312
191 321
191 324
191 331
191 354
192 194
192 197
192 207
192 225
192 230
192 247
192 276
192 302
192 338
192 430
193 214
193 218
193 224
193 235
193 304
193 391
193 495
194 211
194 218
194 255
194 321
194 324
194 331
195 236
195 237
195 253
195 260
195 262
195 263
195 268
195 269
195 278
195 382
195 446
196 239
196 273
196 293
196 311
196 321
196 391
196 483
197 213
197 252
197 297
197 311
197 312
197 324
198 213
198 235
198 245
198 255
199 235
199 238
199 244
199 248
199 253
199 267
199 278
199 422
199 465
200 290
200 312
200 313
200 402
200 443
201 212
201 213
201 237
201 255
201 272
201 276
201 283
201 330
201 346
201 348
201 415
202 209
202 268
202 291
203 335
203 485
204 207
204 212
204 214
204 271
204 279
204 317
205 221
205 250
205 254
205 261
205 287
206 273
206 276
206 282
206 442
207 223
207 244
207 282
207 294
207 327
207 404
207 474
208 220
208 271
208 291
208 302
208 328
209 253
209 293
209 322
209 331
209 497
210 211
210 246
210 260
210 295
210 306
211 269
211 270
211 276
211 292
211 327
211 350
212 223
212 234
212 324
213 261
213 266
213 297
213 338
213 446
213 478
214 238
214 244
214 257
214 324
214 397
215 228
215 239
215 279
215 306
215 307
215 320
215 360
216 227
216 230
216 271
216 284
216 305
216 404
216 420
217 223
217 236
217 240
217 264
217 278
217 292
217 303
217 316
217 331
217 464
218 227
218 250
218 269
218 297
219 265
220 235
220 252
220 290
220 298
220 321
221 244
221 275
221 474
222 229
222 265
222 281
222 472
223 236
223 240
223 269
224 250
224 309
225 262
225 305
225 476
226 247
226 292
226 299
226 320
226 340
226 344
226 460
227 259
227 287
228 233
228 276
229 231
229 279
229 284
229 310
229 323
229 481
230 264
230 284
230 395
230 456
231 249
231 259
231 316
232 234
232 240
233 244
233 272
233 277
233 293
233 308
233 425
234 238
234 314
235 244
235 246
235 270
235 280
235 292
235 300
235 307
236 289
236 291
236 355
237 265
237 273
237 282
237 310
237 316
237 319
238 296
238 420
238 435
238 445
239 245
239 259
239 276
239 306
239 318
240 327
240 488
241 247
241 258
241 312
241 319
241 449
242 300
242 361
243 265
243 272
243 274
243 279
243 300
243 323
243 432
244 332
245 259
245 286
245 297
245 387
246 266
246 282
246 322
246 329
247 250
247 262
247 286
247 329
248 261
248 315
248 322
249 267
249 285
249 313
250 253
250 330
251 271
251 299
251 328
252 278
252 310
252 328
252 464
253 269
253 297
254 267
254 269
254 283
255 271
255 305
255 311
255 315
256 281
257 267
257 277
259 319
259 330
260 269
260 280
260 316
260 320
260 332
261 263
261 292
261 322
262 302
262 303
263 316
264 291
264 319
265 277
265 309
266 319
266 420
267 282
268 274
268 295
268 321
268 347
269 323
269 329
270 287
270 322
271 290
271 301
271 453
272 288
272 307
272 310
272 330
273 309
273 325
273 327
273 421
274 286
274 303
274 353
275 286
275 299
275 302
275 309
275 314
276 435
277 287
278 301
279 444
279 458
280 293
280 314
281 289
281 290
281 328
281 337
282 321
282 410
283 289
283 301
283 311
283 321
283 467
284 294
284 303
284 308
284 377
285 373
285 467
286 295
286 296
286 323
286 332
287 329
287 402
287 481
288 290
288 302
288 320
289 388
289 435
290 328
290 451
290 492
291 311
291 319
292 297
292 445
293 309
293 310
293 337
294 317
295 492
298 312
298 332
298 335
299 344
301 305
301 308
301 448
302 347
303 329
304 328
304 329
306 308
306 314
306 332
307 324
308 324
308 345
309 370
310 332
311 313
311 331
312 323
312 332
313 324
313 346
314 329
314 447
316 319
316 332
317 325
317 432
319 321
319 331
320 401
321 337
322 332
324 331
324 345
324 397
326 381
328 398
331 403
332 412
333 342
333 364
333 396
333 471
333 473
334 356
334 395
334 426
334 433
334 472
334 493
334 498
335 347
335 350
335 375
335 393
335 395
335 446
335 462
335 464
335 480
335 497
336 359
336 374
336 481
336 483
337 392
337 410
337 418
337 452
337 453
337 477
337 488
338 342
338 351
338 354
338 385
338 418
338 425
338 455
339 377
339 380
339 388
339 391
339 398
339 424
339 452
339 491
340 357
340 378
340 389
340 417
340 442
340 479
340 483
341 348
341 419
341 422
341 461
341 497
342 369
342 466
343 348
343 362
343 384
343 387
343 458
343 468
343 476
343 486
343 488
344 347
344 349
344 352
344 379
344 390
344 417
344 421
344 426
344 429
344 450
344 481
345 358
345 370
345 416
345 426
345 449
345 473
346 407
346 492
347 354
347 393
347 401
347 477
347 499
348 358
348 379
348 397
348 442
348 467
348 499
349 369
349 376
349 425
350 352
350 407
350 478
350 490
351 393
351 440
351 489
352 384
352 411
352 421
352 433
352 473
352 479
353 358
353 380
353 381
353 463
353 479
353 481
354 369
354 472
355 439
355 468
355 482
356 374
356 420
356 474
357 385
357 453
357 485
358 360
358 374
358 412
358 421
358 422
358 426
358 455
358 471
359 370
359 375
359 383
359 387
359 435
359 457
359 476
360 374
360 397
360 399
360 438
360 457
360 465
360 479
360 484
361 391
361 401
362 366
363 368
363 383
363 389
364 421
364 446
364 449
365 381
365 392
365 408
365 429
365 492
365 493
366 419
366 462
366 464
366 491
367 385
367 400
367 487
367 496
368 386
368 442
368 468
368 483
368 487
369 376
369 386
369 409
369 421
369 455
369 462
369 486
369 497
370 390
370 395
370 397
370 459
371 378
371 431
371 445
371 459
371 484
371 485
371 487
372 419
372 488
373 398
373 492
374 415
374 461
375 391
375 403
375 424
375 430
375 446
376 406
376 495
377 379
377 387
377 419
377 423
377 428
377 487
378 386
378 396
378 397
378 444
378 454
378 465
378 489
379 405
379 408
379 442
379 460
379 474
380 429
380 432
380 457
380 472
381 387
381 395
381 403
381 427
381 480
382 400
382 450
382 451
382 457
382 494
383 400
383 412
383 431
383 437
384 397
384 417
384 420
384 470
384 478
385 423
385 441
385 479
385 480
385 486
385 497
386 418
387 399
387 492
388 398
388 417
388 445
388 448
388 465
388 479
388 489
388 490
389 403
389 435
389 469
389 476
389 484
390 395
390 445
390 454
390 459
391 438
391 471
392 433
392 439
392 449
392 476
392 483
392 486
393 395
393 432
393 436
393 478
394 410
394 417
394 485
395 482
396 415
396 418
396 421
396 438
396 473
396 483
397 498
398 411
398 452
398 462
398 473
398 490
399 409
399 439
399 460
399 461
400 410
400 412
400 425
400 426
400 452
401 418
401 435
401 449
401 494
401 496
402 426
402 428
402 450
402 492
403 462
404 413
404 438
404 486
405 410
405 478
406 408
406 430
406 466
406 472
406 492
407 462
408 468
408 490
409 442
410 428
410 429
410 430
410 455
410 497
411 424
411 432
411 435
411 463
411 466
411 481
411 485
412 417
412 429
412 468
413 449
414 463
414 474
414 482
415 437
415 439
415 449
415 498
416 418
416 451
416 466
416 485
416 495
417 457
417 484
417 499
418 431
418 462
418 479
418 481
419 425
419 459
419 462
420 421
420 433
421 445
421 485
421 494
422 465
422 474
422 477
423 425
423 443
423 491
424 427
424 441
424 465
425 431
425 442
425 490
426 428
426 432
426 449
426 483
427 449
427 471
427 499
428 464
428 474
428 492
429 438
430 478
430 480
431 443
431 479
432 470
432 485
433 465
434 471
434 472
434 479
435 442
435 483
436 482
437 454
437 465
437 476
437 480
437 489
437 498
438 489
438 491
439 448
440 446
440 449
440 456
441 466
442 451
442 491
443 444
443 491
443 495
444 446
444 455
444 478
444 492
445 499
446 474
446 490
447 455
447 466
449 451
449 489
450 457
450 470
450 480
450 489
451 474
451 476
451 497
452 472
452 476
453 474
454 469
454 473
455 459
455 462
456 487
457 466
457 488
458 487
459 462
459 474
459 499
460 463
461 470
461 484
462 468
463 465
464 472
464 477
464 487
466 475
466 486
467 479
467 487
468 474
468 498
469 475
469 479
470 478
473 475
473 479
473 495
475 492
475 497
477 488
477 494
479 484
479 490
482 499
488 492
493 496
