0 10
0 247
0 322
0 468
1 87
1 223
1 238
1 289
1 498
2 118
2 130
3 66
3 115
3 204
3 216
3 325
3 330
4 41
4 329
4 454
4 473
4 484
5 32
5 41
5 189
6 10
6 15
6 138
6 153
6 206
6 238
6 342
6 451
6 484
7 64
7 94
7 211
7 314
8 45
8 68
8 84
8 145
8 158
8 197
8 251
8 258
8 284
8 398
8 422
8 429
8 457
8 473
9 78
9 257
9 278
9 353
9 457
10 393
10 407
10 432
11 39
11 124
11 282
11 326
11 355
12 163
12 190
12 208
12 323
12 459
13 109
13 115
14 127
14 256
15 133
15 144
15 208
15 217
15 247
15 253
15 314
15 315
15 436
15 484
16 34
16 95
16 98
16 154
16 201
16 255
16 343
16 409
16 458
17 49
17 65
17 76
17 355
18 27
18 71
18 84
18 238
18 263
19 56
19 77
19 81
19 128
19 142
20 30
20 185
20 207
20 359
20 466
20 480
21 89
21 105
21 115
21 310
21 361
21 370
21 388
22 113
22 120
22 212
22 247
22 383
22 494
23 83
23 96
23 131
23 190
24 38
24 135
24 210
25 44
25 283
25 317
25 432
25 457
26 64
26 66
26 120
26 212
26 232
26 372
27 264
27 349
27 380
27 394
27 408
27 412
28 123
28 197
28 251
28 291
28 458
28 480
29 34
29 208
29 360
29 414
29 423
30 78
30 80
30 222
30 256
30 348
30 420
31 263
31 294
31 344
32 136
32 147
32 254
32 342
32 369
33 36
33 185
33 188
33 313
33 411
34 311
34 338
35 124
35 159
35 239
35 291
35 352
35 455
36 114
36 256
36 431
37 85
37 233
37 268
38 75
38 222
38 422
38 434
38 451
39 348
39 391
39 488
40 78
40 105
40 120
40 193
40 329
40 335
40 361
40 481
41 118
41 161
41 179
41 213
41 321
42 159
42 218
42 279
42 335
42 428
42 463
43 190
43 224
43 451
43 466
44 328
44 442
45 79
45 131
45 179
45 195
45 200
45 217
45 299
46 107
46 172
47 174
47 479
48 55
48 172
48 366
48 479
49 53
49 78
49 392
49 421
49 432
49 457
49 468
50 74
50 157
50 420
51 113
51 149
51 486
51 496
52 313
53 56
53 90
53 169
53 262
53 333
53 440
53 449
54 148
54 225
54 281
54 469
54 499
55 252
55 335
55 438
56 71
56 393
56 415
56 488
57 70
57 102
57 107
57 290
57 394
58 95
58 327
58 337
58 408
58 466
58 474
59 263
59 390
59 395
60 345
60 347
60 448
60 455
61 176
61 277
61 334
61 346
61 409
62 112
62 140
62 241
63 198
63 213
63 292
63 454
64 105
64 167
64 186
64 187
64 191
64 277
64 454
64 470
65 77
65 256
65 338
66 77
66 351
66 418
66 441
67 74
67 123
67 126
67 193
67 329
67 406
67 409
68 410
69 183
69 197
69 298
69 445
70 452
71 77
71 87
71 155
71 255
71 304
71 439
72 152
72 227
72 250
72 303
72 478
73 240
73 294
73 323
73 428
74 175
74 402
74 433
75 108
75 323
75 391
75 402
76 143
76 193
76 200
76 215
76 403
77 148
77 206
77 468
78 106
78 162
78 374
78 402
78 474
78 485
79 315
79 334
79 423
80 269
80 298
80 341
80 415
80 465
81 163
81 174
81 191
81 294
81 419
82 198
82 305
82 314
82 316
82 427
83 156
83 328
83 400
83 493
84 171
84 182
84 335
84 343
84 449
85 289
85 309
85 326
86 153
86 269
86 361
86 385
86 440
86 457
87 196
87 453
88 140
88 148
88 150
88 237
88 357
88 429
88 438
88 484
89 221
89 258
89 417
90 182
90 284
90 333
90 489
91 231
91 274
91 295
91 469
92 206
92 380
92 399
92 485
92 489
93 110
93 131
93 139
93 200
93 454
93 461
94 194
94 200
94 264
94 410
94 471
95 265
95 491
96 157
96 184
96 362
96 399
97 190
97 213
97 260
98 163
98 200
98 297
98 303
98 318
99 148
99 233
99 458
99 487
100 179
100 344
100 468
101 119
101 120
101 143
101 216
101 457
103 108
103 308
103 340
103 372
104 219
105 142
105 187
105 201
105 242
105 287
105 393
106 152
107 116
107 317
107 345
107 420
107 481
108 150
108 272
108 324
108 359
108 385
109 178
109 211
109 355
110 112
110 116
110 210
110 253
110 261
110 355
110 496
111 174
111 312
111 418
111 435
112 226
113 161
113 162
113 174
113 187
114 145
114 180
114 188
115 294
115 359
115 417
116 200
116 202
116 262
116 362
116 397
117 255
117 281
117 309
117 344
117 347
118 143
118 185
118 203
118 285
119 136
119 176
119 299
120 140
120 196
121 167
121 236
121 239
121 257
121 334
121 379
121 439
122 148
122 305
122 338
122 416
122 441
122 471
123 278
123 316
124 251
124 460
125 160
125 187
125 207
125 219
125 343
125 383
125 416
126 149
126 232
126 255
126 274
126 280
126 360
126 384
126 427
126 442
127 186
127 346
127 387
127 398
127 441
127 484
128 158
128 191
128 213
128 245
128 286
128 402
129 142
129 172
129 308
130 161
130 371
130 380
130 456
131 135
131 223
132 195
132 253
132 276
132 452
133 361
133 368
133 425
133 474
134 177
134 377
135 364
135 437
136 295
137 142
137 203
137 249
137 331
138 153
139 200
139 280
139 307
139 362
140 407
141 261
141 270
141 286
141 360
142 150
142 313
142 334
142 489
143 144
143 165
144 403
144 413
144 461
145 177
145 214
145 265
145 272
145 336
146 254
146 255
146 344
146 425
147 195
147 230
147 237
147 434
148 182
148 196
148 274
148 304
148 368
148 405
149 200
149 291
149 310
149 342
149 351
149 401
149 453
150 306
150 369
150 391
150 434
151 185
151 225
151 317
151 402
151 409
151 435
151 470
151 471
152 280
152 384
152 423
152 427
152 499
153 201
153 225
153 298
153 387
154 342
155 280
155 293
155 365
155 464
156 167
156 193
156 358
156 374
156 415
156 454
157 305
157 316
157 432
157 468
157 474
158 215
158 285
158 318
159 170
159 337
159 403
159 493
160 209
160 237
160 255
160 342
160 387
160 439
161 244
161 407
162 187
162 258
163 176
163 269
163 311
163 333
163 454
164 189
164 218
164 277
164 285
164 309
164 314
164 337
164 358
164 366
164 421
164 487
165 269
165 415
165 493
166 266
166 303
166 306
166 393
166 431
167 210
167 252
168 172
168 224
168 309
168 378
169 180
169 347
169 476
169 493
170 351
170 481
171 351
172 198
172 281
172 409
172 494
173 321
173 359
173 484
174 236
174 403
174 451
175 208
175 252
175 309
175 384
176 229
176 274
176 320
176 401
176 433
176 443
177 222
177 384
178 281
178 380
178 487
179 198
179 229
179 239
179 287
179 386
179 455
180 303
180 335
180 358
181 190
181 227
181 233
181 329
181 363
182 211
182 422
183 216
183 353
183 423
184 234
184 235
184 384
185 268
185 397
185 440
186 368
186 385
187 259
187 260
187 323
187 396
187 485
188 340
189 318
190 315
190 393
190 433
191 296
191 376
192 224
194 248
194 278
194 478
195 247
195 271
195 274
196 442
196 449
197 213
197 225
197 488
198 203
198 240
198 249
198 441
198 488
199 282
199 329
199 364
199 370
199 462
199 486
200 256
201 273
201 313
201 454
202 479
203 220
203 351
203 360
203 433
203 448
204 289
204 369
205 347
206 313
206 320
206 355
207 338
207 468
208 288
208 418
209 283
209 296
209 400
209 402
209 410
210 228
210 472
211 246
211 329
211 389
211 395
211 404
212 223
212 465
214 322
214 368
215 313
216 255
217 289
218 390
218 438
218 445
218 448
218 457
219 276
219 424
220 321
220 366
220 422
220 459
221 319
222 265
222 361
222 432
222 486
223 274
223 340
223 471
224 357
224 497
225 458
226 268
226 275
226 334
226 409
226 421
227 325
227 354
227 429
228 340
229 235
229 271
229 289
229 389
229 444
230 489
231 269
231 298
231 438
231 470
232 360
233 256
233 265
233 480
234 294
234 383
234 425
235 256
235 351
236 243
236 251
236 495
237 287
237 291
237 299
237 324
237 344
237 424
238 380
238 467
239 306
239 315
239 325
239 433
240 366
240 396
240 466
241 486
242 294
242 311
242 459
243 266
243 326
243 380
243 391
243 467
243 494
244 252
244 372
244 429
245 249
245 355
245 470
245 485
246 490
247 363
248 341
248 375
249 268
249 292
249 304
249 346
249 371
249 471
251 313
251 326
253 318
253 375
253 406
253 489
254 269
254 386
254 466
255 316
255 388
256 349
256 464
257 318
258 263
259 304
259 386
259 412
260 374
261 282
261 329
261 398
261 443
261 471
262 431
262 472
263 270
263 443
263 484
264 326
264 350
264 423
265 276
265 396
265 467
265 485
266 370
266 437
266 456
269 382
270 321
273 387
273 433
273 463
274 281
274 352
274 413
274 426
274 456
275 294
275 366
276 322
276 326
277 292
277 398
278 313
278 408
278 436
278 449
279 360
279 486
279 488
280 344
281 435
281 474
282 362
282 441
282 468
283 313
283 319
283 378
283 394
283 429
284 328
284 370
284 393
284 485
285 306
285 422
285 492
286 290
286 378
286 439
287 339
287 428
288 422
289 290
289 304
290 475
291 324
291 364
292 356
292 435
292 475
293 299
293 307
293 323
294 324
295 478
296 443
296 456
296 457
296 473
296 475
297 309
297 360
298 497
299 401
300 310
300 345
301 332
301 355
301 413
301 438
301 488
302 424
303 482
304 372
304 377
304 435
305 375
306 423
307 337
308 388
308 434
309 389
310 334
311 318
312 346
313 343
314 338
315 477
316 413
316 462
317 444
318 332
318 341
319 359
319 382
319 415
321 375
321 429
322 451
322 493
323 425
324 450
325 423
326 469
327 361
328 416
329 350
329 408
329 412
330 444
330 446
331 364
331 385
332 370
332 435
333 354
333 418
333 421
336 342
336 376
336 384
336 450
338 358
338 361
339 427
340 372
340 414
340 480
341 436
341 463
342 355
342 370
343 354
343 488
344 439
345 382
345 460
346 381
346 452
346 484
347 359
349 471
349 491
350 474
352 422
352 423
352 441
352 463
353 453
354 446
356 399
357 359
357 443
357 455
359 415
359 471
360 365
360 396
360 481
361 388
361 452
362 448
363 451
363 453
366 495
367 414
368 448
369 420
370 440
371 378
371 385
371 451
371 489
374 423
376 390
376 391
378 469
378 485
378 492
378 496
380 450
381 433
381 499
382 441
384 427
384 433
384 435
385 402
385 489
389 402
391 422
393 399
393 477
396 429
397 430
397 486
400 457
402 409
402 415
402 439
403 453
403 487
404 494
406 484
406 490
410 471
411 441
413 458
415 455
418 445
418 495
420 466
420 483
421 480
421 482
421 486
422 441
422 467
423 471
423 484
426 463
427 462
427 494
428 452
430 471
431 468
434 453
434 480
440 480
442 487
442 497
443 447
445 460
447 461
454 472
455 456
460 492
463 468
472 495
474 476
474 489
481 494
489 495
