0 2
0 5
0 8
0 11
0 13
0 14
0 15
0 26
0 28
0 30
0 37
0 39
0 41
0 48
0 53
0 55
0 58
0 73
0 76
0 85
0 87
0 93
0 105
0 110
0 111
0 118
0 125
0 139
0 141
0 145
0 159
0 167
0 181
0 183
0 186
0 213
0 219
0 231
0 244
0 247
0 250
0 251
0 255
0 262
0 268
0 269
0 278
0 284
0 291
0 303
0 309
0 336
0 350
0 356
0 366
0 387
0 388
0 406
0 408
0 444
0 451
0 481
0 489
0 490
1 2
1 3
1 4
1 5
1 7
1 9
1 10
1 18
1 21
1 22
1 23
1 25
1 29
1 34
1 35
1 43
1 45
1 49
1 57
1 96
1 104
1 162
1 168
1 170
1 215
1 218
1 225
1 246
1 295
1 300
1 314
1 320
1 329
1 330
1 379
1 384
1 404
1 416
1 449
1 460
1 464
1 484
1 495
2 3
2 4
2 7
2 9
2 12
2 17
2 20
2 37
2 41
2 42
2 56
2 58
2 61
2 71
2 79
2 108
2 115
2 129
2 130
2 156
2 157
2 178
2 181
2 184
2 249
2 280
2 329
2 339
2 344
2 345
2 347
2 404
2 460
2 469
2 485
2 486
3 6
3 11
3 21
3 33
3 54
3 79
3 91
3 98
3 103
3 136
3 164
3 172
3 207
3 286
3 289
3 292
3 298
3 299
3 337
3 390
3 459
3 494
4 6
4 35
5 8
5 23
5 26
5 27
5 31
5 46
5 64
5 67
5 97
5 132
5 133
5 151
5 180
5 236
5 263
5 312
5 411
5 419
5 461
6 51
6 175
7 10
7 76
7 143
7 202
7 218
7 340
7 361
7 386
7 412
7 413
7 463
8 39
8 61
8 134
8 158
8 170
8 183
8 191
8 231
8 278
8 433
8 440
8 442
8 446
9 12
9 15
9 16
9 24
9 50
9 52
9 63
9 64
9 67
9 93
9 95
9 114
9 147
9 148
9 153
9 154
9 163
9 205
9 226
9 232
9 234
9 248
9 251
9 252
9 267
9 293
9 315
9 343
9 369
9 416
9 430
10 29
10 34
10 44
10 333
10 366
10 386
11 14
11 20
11 59
11 136
11 177
11 310
11 475
12 13
12 16
12 18
12 22
12 47
12 77
12 142
12 146
12 172
12 204
12 265
12 279
12 285
12 377
12 420
12 478
12 488
13 81
13 99
14 31
14 59
14 277
15 17
15 24
15 28
15 33
15 56
15 60
15 122
15 138
15 234
15 242
15 313
15 325
15 330
15 352
15 367
15 456
15 457
16 19
16 27
16 40
16 52
16 72
16 83
16 94
16 120
16 139
16 182
16 187
16 192
16 267
16 285
16 290
16 311
16 338
16 398
16 441
17 19
17 32
17 54
17 55
17 71
17 85
17 87
17 88
17 107
17 108
17 117
17 177
17 185
17 203
17 214
17 239
17 243
17 399
17 468
18 49
18 66
18 146
18 178
18 184
18 206
18 217
18 260
18 272
18 393
18 417
18 434
18 453
19 30
19 40
19 86
19 130
19 235
19 237
19 243
19 263
19 271
19 301
19 338
19 358
19 405
19 423
19 432
19 498
20 32
20 42
20 69
20 111
20 112
20 169
20 235
20 283
20 361
20 397
20 482
21 36
21 38
21 70
21 81
21 124
21 253
21 318
21 327
21 334
21 456
22 25
22 45
22 84
22 122
22 163
22 212
22 261
23 359
24 60
24 63
24 73
24 92
24 151
24 156
24 180
24 217
24 238
24 308
24 323
24 491
25 48
25 62
25 80
25 109
25 124
25 144
25 258
26 277
26 429
27 38
27 72
27 175
27 192
27 294
27 298
27 308
27 326
27 364
28 341
28 368
28 391
29 43
29 53
29 78
29 83
29 113
29 140
29 148
29 150
29 159
29 228
29 266
29 279
29 321
29 379
29 452
30 423
31 50
31 141
31 154
31 305
31 312
31 362
31 371
31 390
32 109
32 142
32 339
32 355
32 450
33 36
33 62
33 84
33 208
33 216
33 300
33 425
34 102
34 140
34 296
34 297
34 309
34 325
34 385
35 162
36 105
36 281
37 44
38 46
38 228
38 341
39 198
39 221
40 47
40 65
40 74
40 97
40 98
40 254
40 271
40 400
41 77
42 69
42 78
42 100
42 101
42 103
42 131
42 149
42 173
42 191
42 204
42 210
42 294
42 353
42 396
42 410
42 424
42 457
43 51
43 137
43 232
43 351
43 438
43 477
44 439
44 453
44 474
45 261
45 375
46 168
46 255
46 331
47 95
47 116
47 179
47 224
47 229
47 304
47 319
47 321
47 377
49 65
49 91
49 223
49 393
49 477
50 209
50 305
50 392
50 480
50 491
51 131
52 120
52 190
52 238
53 275
53 317
54 188
54 315
54 372
55 88
55 126
56 57
56 66
56 68
56 116
56 241
56 316
56 328
56 383
56 389
56 428
57 68
57 75
57 82
57 99
57 104
57 128
57 150
57 201
57 259
57 389
57 478
57 488
58 202
58 313
58 346
58 381
58 447
58 469
59 80
59 113
59 171
59 182
59 241
59 369
59 414
59 427
59 431
60 195
60 220
61 70
61 157
61 208
61 273
61 276
62 468
63 90
63 138
63 144
63 147
63 336
63 378
63 426
63 436
63 498
64 112
64 318
65 74
65 82
65 115
65 126
65 127
65 134
65 135
65 171
65 226
65 264
65 372
65 403
66 135
66 479
67 100
67 101
67 119
67 258
67 295
67 359
67 472
68 75
68 188
68 302
68 317
69 143
69 319
69 401
69 402
70 90
70 161
70 427
70 465
71 107
71 199
71 211
71 247
71 483
72 117
72 121
72 187
72 193
72 227
72 297
72 326
72 395
72 479
73 86
76 89
76 242
77 129
77 195
78 173
78 240
78 283
78 328
79 153
79 155
79 196
79 249
79 274
79 284
79 348
79 410
79 454
79 465
79 474
79 476
80 152
80 176
80 197
80 356
80 421
80 486
81 92
82 127
82 179
82 196
82 246
82 496
82 499
84 89
85 212
87 248
88 185
90 94
90 161
90 253
91 96
91 106
91 164
91 265
91 333
91 417
92 132
92 165
92 240
92 307
94 125
95 137
95 214
96 102
96 106
96 174
96 236
96 259
97 190
97 239
98 254
98 370
98 437
99 335
99 387
99 475
100 119
100 123
100 149
100 174
100 189
100 353
100 462
100 497
101 281
101 411
102 274
102 314
103 229
104 118
104 128
104 166
104 167
104 227
104 262
104 288
104 402
104 495
105 110
106 160
107 114
107 189
107 436
107 461
108 233
108 418
109 123
109 429
109 455
110 207
110 257
110 335
110 483
111 169
111 200
111 216
111 354
112 201
113 487
114 199
114 303
114 332
115 220
116 165
116 269
116 316
116 431
116 466
117 121
117 200
117 282
117 304
117 371
117 472
118 133
118 288
119 158
119 223
119 270
119 462
122 299
122 365
122 367
122 455
124 203
124 206
126 412
128 166
128 311
128 430
129 211
130 301
130 323
131 194
131 466
132 145
132 194
132 360
134 160
136 289
137 270
137 396
139 398
139 451
140 209
140 268
140 296
141 481
142 152
142 213
142 222
143 155
143 373
143 428
143 443
143 445
144 378
145 215
145 480
145 493
146 230
146 357
146 420
146 434
146 447
147 415
147 424
148 186
151 358
152 176
152 286
152 340
152 370
152 394
152 435
153 219
153 322
156 266
156 310
158 375
160 273
161 198
163 293
163 433
166 342
168 384
169 343
169 380
169 437
170 382
170 446
171 193
171 264
171 287
171 415
172 205
173 435
173 487
174 280
174 401
176 197
176 327
176 394
176 439
177 374
178 292
182 383
182 443
182 449
183 287
186 256
187 324
188 425
189 224
190 257
190 344
192 221
193 230
193 448
194 302
194 399
194 463
196 210
196 245
196 489
198 332
198 397
199 395
200 440
203 244
205 419
207 222
207 237
207 360
210 272
211 362
211 458
212 233
212 245
212 282
212 385
212 409
216 409
217 490
219 225
221 342
221 422
227 260
227 364
228 413
231 349
231 351
232 306
234 493
235 368
235 408
237 252
239 250
240 334
241 256
241 407
241 414
246 306
246 320
246 346
246 499
248 432
249 485
254 275
254 276
254 290
255 331
256 291
256 407
257 470
261 347
262 448
262 476
262 494
264 373
264 473
268 400
272 322
274 438
275 418
278 376
279 363
280 391
292 324
292 337
292 450
297 307
298 363
299 380
305 497
306 349
308 357
311 376
312 365
313 355
314 354
316 382
318 467
321 403
321 441
325 352
325 421
328 348
336 350
339 345
343 471
344 388
344 392
347 374
349 471
365 381
370 405
378 426
378 484
384 464
388 422
388 454
393 459
394 492
398 470
399 406
410 444
423 452
424 473
432 458
436 467
439 492
440 442
444 445
455 496
475 482
