0 1
0 10
0 11
0 95
0 254
0 259
1 2
1 3
1 4
1 8
1 16
1 22
1 23
1 26
1 29
1 33
1 34
1 36
1 51
1 56
1 61
1 71
1 72
1 90
1 93
1 110
1 116
1 120
1 122
1 141
1 142
1 148
1 161
1 162
1 176
1 239
1 240
1 258
1 307
1 338
1 341
1 351
1 366
1 372
1 374
1 379
1 381
1 382
1 396
1 398
1 403
1 413
1 423
1 428
1 488
1 496
2 15
2 52
2 370
2 442
2 443
2 468
2 491
3 5
3 6
3 7
3 13
3 31
3 48
3 85
3 119
3 121
3 126
3 211
3 237
3 260
3 323
3 456
3 462
5 9
5 35
5 53
5 114
5 125
5 143
5 155
5 189
5 194
5 203
5 319
5 384
5 437
5 490
6 32
6 55
6 86
6 224
6 270
6 328
6 387
7 21
8 17
8 24
8 45
8 98
8 99
8 100
8 178
8 201
8 288
8 337
8 369
9 12
9 19
9 39
9 78
9 131
9 145
9 149
9 160
9 215
9 248
9 255
9 261
9 289
9 290
9 306
9 334
9 339
9 345
9 394
9 435
10 14
10 47
10 166
10 180
10 204
10 297
10 358
10 459
10 480
11 18
11 30
11 38
11 42
11 43
11 66
11 68
11 107
11 135
11 165
11 293
11 299
11 311
11 431
11 478
11 489
12 147
13 361
13 427
14 67
14 138
14 430
14 449
15 70
15 172
16 49
16 60
16 109
16 124
16 133
16 136
16 137
16 140
16 170
16 173
16 188
16 284
16 404
16 418
17 20
17 96
17 245
17 492
19 219
19 438
20 25
20 41
20 92
20 183
20 186
20 249
20 262
20 263
21 37
22 75
22 167
22 179
22 213
23 28
23 81
23 118
23 139
23 146
23 154
23 184
23 425
23 458
24 46
24 80
26 27
26 59
26 221
27 210
28 40
28 84
28 316
28 330
28 391
28 433
29 82
31 103
31 336
33 229
33 380
34 207
35 313
36 58
36 89
36 151
36 326
36 340
36 383
36 412
36 469
37 63
37 196
37 277
37 432
38 200
39 181
39 212
39 360
39 393
40 62
40 134
40 217
40 322
40 348
41 44
41 50
41 64
41 88
41 106
41 291
41 294
41 350
41 362
41 440
42 97
42 216
44 76
44 185
44 220
44 253
44 292
44 333
44 392
44 415
44 470
45 65
45 190
45 325
45 411
45 421
45 457
46 57
46 298
47 171
47 310
49 164
49 169
49 279
50 157
50 282
50 426
51 101
51 111
51 308
52 54
52 74
52 79
52 128
52 156
52 168
52 276
52 301
53 77
53 444
54 113
54 174
54 197
54 208
54 493
56 69
56 251
58 285
59 73
59 388
60 247
63 94
63 102
63 499
66 105
66 273
66 332
68 108
68 271
69 242
69 309
74 83
74 87
74 305
74 451
76 346
79 236
79 356
80 191
80 355
80 445
81 127
86 117
86 218
86 286
87 129
88 91
88 104
88 352
88 364
93 163
96 150
96 159
96 182
96 225
96 400
98 123
104 376
104 401
107 175
108 115
108 144
108 158
108 195
108 206
108 257
109 202
109 230
110 112
110 226
110 246
110 287
110 312
110 410
110 452
116 222
116 304
116 417
121 349
122 244
123 209
123 256
125 295
127 130
127 132
127 231
127 474
132 152
132 436
133 280
133 320
134 283
135 495
139 329
139 422
140 321
145 447
146 153
147 232
148 266
149 453
149 482
153 192
153 241
154 199
155 314
158 265
158 315
158 335
164 187
164 373
170 343
173 177
173 228
173 243
174 193
176 264
176 274
176 409
177 268
177 353
179 494
181 278
181 281
182 296
185 198
185 205
187 317
188 227
189 234
189 267
189 331
189 357
192 214
192 441
197 419
202 303
207 250
207 405
207 414
216 375
218 223
218 300
220 481
221 238
221 272
222 434
222 484
225 233
225 269
226 327
229 252
229 389
230 235
231 408
231 429
238 275
242 498
243 395
246 302
246 471
246 497
252 420
256 368
261 354
261 446
262 472
267 461
268 347
273 377
275 324
278 378
284 424
289 473
294 342
295 448
301 479
311 465
313 318
314 359
316 371
316 402
319 416
321 344
323 399
339 483
342 390
343 363
343 367
345 487
352 406
353 365
353 397
353 450
360 463
362 477
365 407
371 386
372 466
376 454
377 467
380 476
381 460
383 385
393 455
396 464
397 485
402 486
404 439
472 475
