0 79
0 172
0 211
0 343
1 23
1 89
1 177
1 278
1 302
1 327
1 330
1 411
1 447
1 464
2 74
2 136
2 137
2 159
2 174
2 205
2 303
2 371
2 384
2 400
3 101
3 253
3 259
3 312
3 336
3 344
3 370
3 470
4 117
4 198
4 241
4 266
4 321
4 370
4 403
5 10
5 156
5 223
5 330
5 354
5 394
5 450
6 45
6 174
6 219
6 356
6 358
6 370
6 391
6 425
6 469
7 31
7 34
7 82
7 252
7 257
7 285
7 469
8 80
8 111
8 206
8 399
8 434
8 490
9 15
9 122
9 213
9 234
9 292
9 398
9 421
9 436
10 140
10 163
10 196
10 199
10 247
10 257
10 262
10 325
11 82
11 162
11 186
11 228
11 237
11 292
11 381
11 407
11 455
12 27
12 104
12 268
12 340
12 346
12 455
13 83
13 133
13 205
13 250
13 261
13 317
13 412
13 418
13 453
14 35
14 103
14 130
14 148
14 207
14 214
14 226
14 233
14 323
14 337
14 373
14 391
14 440
14 447
15 57
15 196
15 215
15 325
15 439
16 125
16 230
16 406
16 420
16 432
16 444
16 445
17 113
17 115
17 197
17 341
18 25
18 50
18 79
18 189
18 227
18 275
18 390
18 447
19 27
19 29
19 106
19 200
19 337
19 382
19 463
19 469
19 476
20 21
20 41
20 197
20 230
20 335
20 358
20 368
20 372
20 420
21 135
21 218
21 275
21 284
21 310
21 434
21 454
21 461
22 93
22 147
22 170
22 359
22 369
23 103
23 135
23 252
23 258
23 262
23 280
23 284
23 285
23 465
24 165
24 257
24 272
24 346
24 438
24 466
25 191
25 199
25 311
25 388
25 418
25 422
26 115
26 156
26 280
26 352
27 35
27 174
27 215
27 226
27 322
27 331
27 412
27 417
27 453
27 455
27 482
28 87
28 282
28 347
28 432
28 438
28 497
29 47
29 315
29 352
29 400
29 408
29 411
29 438
29 473
30 53
30 74
30 165
30 170
30 221
30 415
30 493
31 63
31 76
31 90
31 124
31 257
31 309
31 396
31 418
32 127
32 160
32 254
32 332
32 335
32 375
32 383
32 468
32 481
32 490
33 296
33 392
33 438
33 493
34 81
34 89
34 126
34 163
34 165
34 264
34 276
34 339
34 340
34 343
34 408
34 434
35 60
35 100
35 205
35 249
35 458
36 170
36 278
36 400
37 219
37 238
37 278
37 304
37 346
37 419
37 427
37 492
38 66
38 92
38 120
38 238
38 264
38 296
38 301
38 395
38 415
38 489
39 103
39 124
39 333
39 414
39 435
39 473
39 495
39 497
40 65
40 166
40 215
40 249
40 289
40 317
40 363
41 282
41 347
41 401
41 475
42 47
42 62
42 147
42 169
42 181
42 229
42 241
42 380
43 80
43 150
43 198
43 212
43 489
44 231
44 332
45 52
45 85
45 100
45 111
45 195
45 306
45 347
45 384
45 432
46 59
46 463
46 487
47 48
47 112
47 167
47 268
47 289
47 410
47 426
47 431
47 441
47 464
47 469
47 486
48 123
48 136
48 160
48 434
48 484
48 491
49 240
49 274
49 301
49 401
49 448
49 480
49 488
50 90
50 103
50 170
50 277
50 317
50 402
51 87
51 120
51 132
51 162
51 292
51 340
51 352
51 358
51 431
52 170
52 183
52 243
52 266
52 283
52 295
52 322
52 390
52 413
52 495
53 65
53 130
53 194
53 206
53 231
53 391
53 405
53 407
53 439
54 70
54 82
54 120
54 158
54 166
54 238
54 320
54 323
54 440
55 94
55 216
55 239
55 300
56 155
56 195
56 233
56 364
56 414
57 237
57 275
57 348
57 478
58 67
58 76
58 181
58 250
58 345
58 423
58 444
58 489
59 69
59 124
59 254
59 268
59 304
59 312
59 322
59 332
59 344
59 345
59 352
59 357
59 363
59 452
59 478
60 106
60 110
60 186
60 209
60 212
60 298
60 341
60 362
60 366
60 388
60 437
60 472
61 67
61 149
61 275
61 439
62 93
62 98
62 189
62 246
62 270
62 295
62 306
62 393
63 87
63 161
63 168
63 173
63 208
63 280
63 329
63 333
64 137
64 243
64 283
64 367
64 462
65 119
65 206
65 290
65 377
65 409
65 436
65 493
66 114
66 144
66 198
66 227
66 251
66 286
66 303
66 432
67 92
67 126
67 131
67 141
67 155
67 156
67 286
67 359
67 361
67 365
67 492
68 106
68 123
68 156
68 287
68 432
69 217
69 234
69 325
69 398
69 446
69 491
70 72
70 227
70 366
70 493
71 108
71 176
71 179
71 180
71 258
71 261
71 307
71 330
71 385
71 414
71 426
71 456
72 146
72 223
72 308
72 385
72 478
73 140
73 176
73 383
73 433
74 197
74 213
74 354
74 396
74 422
75 108
75 153
75 204
75 228
75 286
75 328
75 410
76 119
76 207
76 240
77 112
77 114
77 123
77 138
77 225
77 343
77 422
78 211
78 282
78 337
78 403
78 446
79 93
79 119
79 120
79 174
79 192
79 242
79 270
79 454
80 220
80 222
80 329
80 365
80 472
81 85
81 106
81 268
81 330
81 372
81 438
81 452
81 464
81 467
82 462
82 468
83 116
83 208
83 303
83 317
83 451
84 118
84 176
84 190
84 264
84 312
84 444
85 226
85 261
85 429
85 466
86 110
86 117
86 122
86 176
86 243
86 434
86 498
87 107
87 116
87 177
87 223
87 227
87 244
87 265
87 276
87 302
87 419
88 264
88 293
88 310
88 330
88 342
88 346
88 400
88 426
88 455
90 171
90 192
90 253
90 262
90 266
90 384
90 461
91 125
91 164
91 260
91 290
91 365
91 378
92 135
92 208
92 236
92 295
92 321
92 345
92 436
93 98
93 303
93 321
93 365
93 416
94 164
94 335
94 401
94 404
95 123
95 174
95 240
95 382
95 453
95 477
95 480
96 157
96 257
96 347
96 428
96 452
96 460
96 479
97 102
97 155
97 176
97 178
97 236
97 327
97 367
97 495
98 341
98 441
99 435
99 462
99 491
100 201
100 228
100 235
100 245
100 337
100 412
100 428
100 445
100 495
101 214
101 229
101 233
101 383
102 192
102 392
102 434
103 348
103 462
104 108
104 116
104 145
104 218
104 220
104 265
104 266
104 270
104 274
105 171
105 210
105 253
105 319
105 373
105 453
106 122
106 150
106 164
106 188
106 488
107 308
107 311
107 350
107 375
107 404
107 422
107 450
108 119
108 216
108 225
108 240
108 266
108 450
108 452
109 122
109 206
109 283
109 308
109 313
109 334
109 472
110 230
110 264
110 281
110 338
110 363
110 479
111 213
111 252
111 303
112 160
112 259
112 446
112 483
113 164
113 168
113 297
113 351
113 424
113 462
113 463
113 493
114 115
114 130
114 264
114 316
114 365
114 383
115 173
115 251
115 299
115 477
116 147
116 225
116 280
116 300
116 322
116 468
116 482
116 486
117 178
117 221
117 338
117 393
117 399
117 470
117 478
118 133
118 141
118 147
118 212
118 371
119 162
119 245
119 336
119 342
119 400
119 437
120 141
120 276
120 307
120 336
120 372
120 420
120 439
120 457
121 133
121 277
121 331
121 369
121 371
121 378
122 134
122 179
122 284
123 134
123 293
123 423
123 444
124 442
124 450
125 276
125 374
126 185
126 215
126 226
126 351
126 413
126 454
126 457
126 468
126 480
126 485
126 496
127 256
127 443
128 303
128 352
128 355
128 456
128 499
129 180
129 384
129 413
129 427
130 137
130 149
130 177
130 189
130 203
130 222
130 280
130 305
130 325
130 391
131 161
131 222
131 240
131 281
131 292
131 434
132 149
132 183
132 219
132 239
132 307
132 362
132 371
133 144
133 182
133 205
133 250
133 305
133 342
133 367
133 437
133 445
133 492
134 161
134 275
134 285
134 362
134 402
134 404
134 410
134 451
134 470
134 471
135 202
135 311
135 339
135 367
135 477
136 157
136 169
136 229
136 331
136 374
136 458
136 471
137 274
137 310
137 359
138 248
138 346
138 369
138 419
138 455
139 233
139 273
139 278
140 283
140 291
140 343
140 365
140 366
140 397
141 163
141 183
141 249
141 349
141 374
141 388
142 215
142 329
142 371
142 456
143 153
143 212
143 374
143 383
143 387
143 492
144 287
144 419
145 208
145 223
145 363
145 477
145 489
145 493
146 252
146 272
146 278
146 372
146 374
146 448
146 473
146 482
147 281
147 293
147 326
147 377
148 202
148 208
148 223
148 229
148 238
148 253
148 357
148 490
149 174
149 181
149 241
149 265
149 311
150 168
150 430
150 435
151 258
151 260
151 279
151 365
151 367
151 371
152 304
153 265
153 275
153 297
153 322
153 467
154 214
154 279
154 288
154 297
154 305
155 251
155 270
155 272
155 287
155 373
155 382
155 404
155 411
155 432
156 170
156 216
156 232
156 370
156 425
156 442
156 445
157 178
157 264
157 374
157 406
157 448
157 467
158 171
158 192
158 207
158 243
158 261
158 267
158 322
159 400
159 453
160 266
160 302
160 359
160 434
160 463
160 497
161 232
161 258
161 425
161 482
162 277
162 278
162 295
162 301
162 376
162 426
162 469
162 470
162 475
163 193
163 384
163 422
163 445
164 165
164 198
164 211
164 230
164 262
164 447
165 235
165 242
165 277
165 357
165 444
165 445
166 202
166 277
166 374
166 442
166 465
166 472
167 452
167 489
167 495
168 202
168 229
168 291
168 346
168 435
169 200
169 292
169 336
169 498
170 317
170 345
170 427
171 201
171 207
171 308
171 421
172 360
172 379
172 413
172 437
172 477
173 226
174 338
174 408
174 474
174 492
175 281
175 324
175 416
175 458
176 194
176 210
176 283
176 288
176 312
176 386
176 422
176 481
177 266
177 368
177 448
178 326
178 366
178 402
179 180
179 344
179 446
179 473
180 212
180 228
180 318
180 343
180 443
181 376
182 236
182 274
182 383
183 269
183 326
183 408
183 469
183 474
184 186
184 300
184 322
184 327
184 473
184 481
185 220
185 490
186 231
186 290
186 339
186 356
186 390
186 398
186 432
186 484
187 222
187 273
187 291
187 300
187 345
188 223
188 329
188 355
188 359
188 432
188 438
189 331
189 383
190 237
190 276
190 425
190 496
191 201
191 213
191 233
191 235
191 275
191 489
192 374
192 385
192 405
192 411
192 436
192 480
193 248
193 270
193 273
193 287
193 346
193 375
193 405
194 349
194 396
194 398
194 443
195 271
195 304
195 397
195 466
196 217
196 219
196 248
196 353
196 380
197 250
197 355
197 423
197 496
198 226
198 278
198 476
199 222
199 426
200 208
200 261
200 297
200 410
201 264
201 282
201 294
201 342
201 348
201 460
201 466
202 241
202 247
202 328
202 361
202 403
203 262
203 345
203 468
203 484
204 216
204 330
204 379
204 453
205 264
205 288
205 334
205 361
206 232
206 237
206 243
206 270
206 321
206 420
206 442
207 249
207 326
207 341
207 404
207 471
207 473
207 488
208 228
208 303
208 482
209 247
209 286
209 327
209 378
210 402
211 289
211 296
212 278
212 306
212 343
212 434
212 473
213 330
213 368
213 421
214 293
214 328
214 475
215 240
215 251
215 308
215 345
215 364
215 443
215 468
215 484
215 492
216 262
216 394
216 479
217 339
217 409
217 412
217 458
218 328
218 346
218 381
218 388
218 473
218 492
218 495
219 469
220 254
220 296
220 392
220 447
220 474
221 288
222 284
222 288
222 327
222 401
223 308
223 310
223 443
223 485
224 286
224 299
224 334
224 444
225 337
225 355
225 428
226 284
226 291
226 308
226 323
226 350
226 368
226 423
227 278
227 308
227 345
227 402
228 265
228 332
228 409
228 418
229 269
229 343
229 392
229 427
229 443
230 283
230 307
230 308
230 335
230 351
230 361
231 396
231 450
231 496
232 264
232 405
232 471
232 487
233 280
233 416
234 279
234 337
234 450
234 456
235 409
235 439
236 365
236 407
236 441
236 469
237 238
237 307
237 312
237 404
237 439
237 445
238 281
238 393
238 402
239 254
239 499
240 280
240 393
240 443
241 245
241 352
241 360
241 401
241 431
241 490
242 299
242 399
242 401
242 491
242 498
243 408
243 457
244 450
244 459
245 261
245 284
245 355
246 395
247 308
247 326
247 409
247 498
248 281
249 341
249 386
249 397
249 409
249 463
250 288
250 426
250 465
251 297
251 364
251 369
251 408
251 492
252 272
252 286
252 294
253 254
253 275
253 418
254 298
254 310
254 325
254 373
254 385
254 411
254 436
254 457
254 470
255 262
255 301
256 265
256 282
256 362
256 439
257 299
257 459
257 470
258 264
258 431
258 455
259 317
259 324
259 453
260 316
260 345
261 309
261 413
262 319
262 369
262 419
262 439
262 496
263 276
263 314
263 390
264 266
264 319
264 475
264 487
265 282
265 434
265 448
265 453
265 477
265 492
266 309
266 412
266 456
266 476
267 324
267 356
267 392
267 445
267 495
268 301
268 306
268 356
268 459
269 406
270 272
270 402
270 429
271 363
271 367
271 426
271 487
272 277
272 308
272 369
273 338
273 361
273 418
273 459
273 499
274 299
274 391
275 300
275 304
275 335
275 343
275 352
276 399
278 295
278 302
278 351
279 315
279 336
279 357
279 371
279 442
279 469
279 499
281 378
281 470
281 472
282 286
282 423
282 492
282 498
283 285
283 294
283 310
283 328
283 329
283 362
284 296
284 359
284 438
284 468
285 290
285 300
285 431
286 323
286 336
286 446
286 489
288 385
288 451
288 477
289 482
290 398
291 318
291 348
291 371
291 401
291 431
291 474
292 293
292 344
292 383
293 351
293 397
293 409
293 458
293 462
294 355
295 357
296 304
296 311
296 359
296 360
296 463
297 329
298 495
299 358
299 433
300 316
300 348
300 359
300 404
300 449
300 484
301 341
301 454
301 488
301 497
302 366
302 367
302 398
302 461
302 477
302 483
302 490
303 306
303 403
303 444
303 451
304 381
304 389
304 412
305 404
306 352
306 496
307 406
308 346
309 412
309 415
309 467
309 477
309 492
310 492
311 375
312 320
312 364
312 391
312 426
312 428
312 445
312 475
312 482
312 487
313 355
313 402
313 417
313 432
313 449
314 345
314 395
314 432
314 439
314 457
315 486
317 336
317 458
318 350
319 383
320 413
322 338
322 372
322 433
323 328
323 480
324 367
325 381
325 415
325 436
325 442
326 342
326 350
326 408
326 499
327 375
327 454
327 479
328 434
328 481
328 489
329 473
329 485
330 347
330 370
330 468
331 464
332 397
332 416
332 478
332 490
333 382
333 419
334 341
334 348
334 378
334 450
334 464
335 338
335 351
335 437
336 342
336 440
337 425
337 438
337 456
338 443
339 390
339 402
339 426
339 445
340 454
340 471
341 382
341 389
341 458
342 357
342 402
342 459
343 344
344 391
344 460
345 370
345 459
345 472
346 490
347 440
348 374
348 427
348 437
352 450
352 461
353 365
353 436
353 474
353 482
354 403
354 441
354 444
354 476
354 494
355 387
356 367
356 400
356 405
356 419
356 443
356 484
357 485
358 385
358 394
358 430
358 481
359 374
360 367
360 412
360 435
361 452
362 467
363 396
364 390
364 407
364 425
364 436
364 497
366 451
368 409
368 420
368 450
369 409
369 482
369 493
370 429
370 466
371 424
371 432
371 437
371 479
372 429
372 492
373 441
374 418
375 376
375 399
375 468
375 477
376 425
376 443
376 445
377 423
377 465
377 484
379 449
380 492
381 448
382 406
382 472
382 476
382 490
383 471
383 474
384 396
384 423
384 446
385 441
387 395
388 472
388 492
389 427
391 465
391 495
392 402
394 440
395 481
395 495
396 405
397 449
398 416
398 443
398 462
399 460
399 477
400 442
401 467
402 429
402 434
402 440
403 494
404 421
404 437
405 422
406 420
406 498
407 413
407 462
407 473
407 491
408 493
409 415
409 425
409 473
410 440
411 426
411 440
411 461
412 497
413 473
413 479
414 456
415 442
415 490
417 452
417 460
418 495
419 444
419 483
419 498
420 454
420 478
420 494
422 438
423 436
424 429
424 490
425 481
426 439
426 475
426 494
428 457
429 472
430 449
431 487
432 463
432 474
434 450
434 470
436 461
436 486
437 475
437 490
439 482
440 474
441 461
441 478
441 481
445 466
445 469
445 491
448 452
449 479
449 484
450 487
451 479
452 470
453 476
453 478
454 493
455 469
456 474
457 470
458 496
459 469
461 464
463 494
466 477
471 484
473 478
474 481
477 485
478 487
481 498
485 499
