0 1
0 499
0 498
0 3
0 497
0 4
0 496
0 96
0 35
1 3
1 499
1 4
1 498
1 497
1 38
1 390
1 394
1 420
2 3
2 499
2 498
2 164
2 467
2 137
2 294
3 4
3 5
3 6
3 7
4 5
4 7
4 8
4 103
5 7
5 8
5 365
5 464
5 382
6 7
6 8
6 9
6 10
6 306
7 9
7 10
7 11
7 143
7 38
7 467
8 9
8 10
8 11
8 12
8 56
9 10
9 11
9 12
9 13
9 197
10 11
10 12
10 13
10 14
11 12
11 13
11 14
11 15
12 13
12 14
12 15
12 16
12 339
13 14
13 15
13 16
13 17
14 15
14 16
14 17
14 18
14 351
15 16
15 17
15 18
15 19
15 252
16 17
16 18
16 19
16 20
16 477
17 18
17 19
17 20
17 21
18 20
18 21
18 22
18 498
19 20
19 21
19 22
19 23
19 43
19 146
20 21
20 22
20 23
20 24
21 22
21 23
21 24
21 25
22 23
22 24
22 25
22 26
23 24
23 26
23 27
23 352
24 25
24 26
24 27
24 28
24 51
25 26
25 27
25 28
25 29
26 27
26 28
26 29
26 30
27 28
27 29
27 30
27 31
28 29
28 30
28 31
28 32
29 30
29 31
29 32
29 33
30 31
30 32
30 33
30 34
31 33
31 34
31 35
31 472
31 37
32 33
32 34
32 35
32 36
32 194
33 34
33 35
33 36
33 37
33 46
33 414
34 35
34 36
34 37
34 38
35 36
35 37
35 38
35 39
35 391
36 37
36 38
36 39
36 40
36 334
37 39
37 40
37 41
37 470
38 39
38 40
38 199
39 40
39 41
39 42
39 43
39 74
39 425
40 42
40 43
40 44
40 196
41 42
41 43
41 44
41 442
42 43
42 44
42 45
42 46
43 44
43 46
43 70
43 333
44 45
44 46
44 47
44 48
45 46
45 47
45 48
45 80
46 47
46 50
46 242
47 48
47 49
47 50
47 51
48 49
48 50
48 51
48 52
49 50
49 51
49 52
49 53
50 51
50 52
50 53
50 54
50 400
51 53
51 54
51 55
52 53
52 54
52 55
52 56
53 54
53 56
53 57
53 209
54 55
54 56
54 57
54 58
55 56
55 57
55 58
55 59
56 57
56 59
56 60
57 58
57 59
57 60
57 61
57 250
58 59
58 60
58 62
58 132
59 60
59 62
59 63
59 322
59 115
60 61
60 62
60 63
60 212
61 62
61 63
61 64
61 65
62 63
62 64
62 65
62 66
63 64
63 65
63 66
63 67
64 65
64 66
64 68
64 101
65 66
65 67
65 68
65 69
66 67
66 68
66 69
66 70
67 68
67 69
67 70
67 71
67 389
68 69
68 70
68 72
68 199
69 70
69 71
69 72
69 73
69 168
69 365
70 73
70 74
70 118
71 72
71 73
71 74
71 75
72 73
72 74
72 75
72 76
72 376
73 74
73 75
73 76
73 77
74 75
74 77
74 78
74 443
75 76
75 77
75 78
75 79
76 77
76 78
76 79
76 80
77 78
77 79
77 80
77 81
78 79
78 80
78 81
78 82
79 80
79 81
79 82
79 83
79 108
80 81
80 82
80 83
80 84
81 82
81 83
81 84
81 85
82 83
82 84
82 85
82 86
83 85
83 86
83 87
83 457
84 85
84 87
84 88
84 141
85 86
85 88
85 89
85 380
85 145
85 143
86 87
86 88
86 90
86 105
87 88
87 89
87 90
87 91
88 89
88 90
88 91
88 92
89 90
89 91
89 92
89 93
90 91
90 92
90 93
90 94
91 92
91 93
91 94
91 95
92 93
92 94
92 95
92 96
93 94
93 95
93 96
93 97
94 95
94 96
94 97
94 98
95 96
95 97
95 99
95 230
96 98
96 99
96 100
97 98
97 99
97 101
97 445
98 99
98 100
98 101
98 102
99 100
99 101
99 102
99 103
100 101
100 102
100 103
100 104
100 362
100 269
100 434
101 102
101 103
101 104
101 105
102 103
102 104
102 105
102 106
103 104
103 105
103 106
103 107
103 271
103 336
103 423
104 105
104 106
104 107
104 108
104 279
105 107
105 108
105 147
105 202
106 107
106 108
106 109
106 110
107 108
107 110
107 111
107 333
108 109
108 111
108 112
109 110
109 111
109 112
109 113
110 111
110 112
110 113
110 114
110 169
111 112
111 113
111 114
111 115
111 118
111 244
112 113
112 114
112 115
112 116
112 185
113 115
113 116
113 117
113 431
114 115
114 116
114 117
114 118
115 116
115 118
115 119
115 270
116 117
116 118
116 119
116 120
117 118
117 119
117 120
117 121
118 120
118 122
118 377
119 120
119 121
119 122
119 123
120 121
120 122
120 123
120 124
120 149
121 123
121 124
121 125
121 431
122 123
122 124
122 125
122 126
123 124
123 125
123 126
123 127
124 125
124 126
124 127
124 128
125 126
125 127
125 128
125 129
126 127
126 128
126 130
126 240
127 128
127 130
127 131
127 286
128 129
128 130
128 131
128 413
128 309
129 130
129 131
129 132
129 133
130 131
130 132
130 133
130 134
131 132
131 133
131 134
131 135
132 133
132 134
132 135
132 136
133 134
133 135
133 136
133 137
133 223
134 135
134 136
134 137
134 138
135 136
135 137
135 138
135 139
136 137
136 138
136 139
136 140
137 138
137 139
137 140
137 141
138 139
138 140
138 141
138 142
138 398
139 140
139 141
139 142
139 143
140 141
140 142
140 143
140 144
140 279
141 142
141 143
141 144
141 145
142 143
142 144
142 145
142 146
143 145
143 146
143 252
144 145
144 146
144 147
144 148
145 146
145 147
145 148
145 149
146 147
146 148
146 149
147 148
147 149
147 150
147 151
147 235
148 149
148 150
148 151
148 152
149 151
149 153
149 244
150 151
150 152
150 153
150 154
151 152
151 153
151 154
151 155
151 200
152 153
152 154
152 156
152 492
153 154
153 155
153 156
153 157
154 155
154 156
154 157
154 158
155 156
155 157
155 158
155 159
156 158
156 160
156 287
156 259
156 298
156 499
157 158
157 159
157 160
157 161
158 159
158 160
158 162
158 397
159 160
159 162
159 163
159 304
160 161
160 162
160 163
160 164
161 162
161 163
161 164
161 165
161 490
162 163
162 164
162 165
162 166
163 164
163 165
163 166
163 167
164 165
164 166
164 167
164 363
165 166
165 167
165 168
165 169
166 167
166 169
166 170
166 459
167 168
167 171
167 498
167 256
168 170
168 171
168 172
169 170
169 171
169 173
169 266
170 171
170 173
170 174
170 287
170 374
171 172
171 174
171 175
171 465
172 173
172 174
172 175
172 176
173 174
173 175
173 176
173 177
174 175
174 176
174 177
174 303
174 302
174 368
175 176
175 177
175 179
175 410
176 177
176 178
176 179
176 180
177 178
177 180
177 181
177 288
178 180
178 181
178 182
178 321
179 180
179 181
179 182
179 183
180 181
180 182
180 183
180 184
181 182
181 185
181 282
181 438
181 212
181 389
182 183
182 184
182 185
182 186
182 401
183 184
183 185
183 186
183 187
184 185
184 187
184 188
184 290
184 425
185 187
185 188
185 296
186 188
186 189
186 190
186 484
187 188
187 189
187 190
187 191
188 189
188 190
188 191
188 192
189 190
189 191
189 192
189 499
190 191
190 192
190 193
190 194
190 337
191 193
191 194
191 195
191 434
191 230
192 193
192 194
192 195
192 196
193 194
193 195
193 196
193 197
193 440
194 195
194 197
194 198
195 196
195 197
195 198
195 199
196 198
196 199
196 236
196 254
197 199
197 200
197 201
198 199
198 200
198 201
198 202
199 200
199 201
199 202
199 203
200 202
200 203
200 204
201 202
201 203
201 204
201 205
201 214
202 203
202 204
202 205
202 206
202 305
203 204
203 205
203 206
203 207
204 205
204 206
204 207
204 208
204 370
205 206
205 207
205 208
205 209
205 417
206 207
206 208
206 209
206 210
207 208
207 209
207 210
207 211
208 209
208 210
208 211
208 212
209 210
209 211
209 212
209 213
210 211
210 212
210 213
210 420
211 212
211 213
211 214
211 403
212 213
212 215
212 216
212 310
213 214
213 215
213 216
213 217
213 353
214 216
214 217
214 218
214 359
215 216
215 217
215 218
215 219
216 217
216 218
216 219
216 220
217 218
217 219
217 220
217 221
218 219
218 220
218 221
218 222
219 220
219 221
219 222
219 223
220 221
220 222
220 223
220 224
220 312
221 222
221 223
221 224
221 225
222 223
222 224
222 225
222 226
223 224
223 225
223 227
223 408
224 225
224 226
224 227
224 228
225 227
225 228
225 229
225 267
226 227
226 228
226 229
226 230
226 427
227 228
227 229
227 230
227 231
227 363
228 229
228 230
228 231
228 414
229 230
229 232
229 233
229 478
230 232
230 233
230 234
231 232
231 233
231 234
231 235
231 330
232 233
232 234
232 235
232 236
232 254
233 234
233 235
233 236
233 237
234 236
234 237
234 238
234 492
235 237
235 238
235 239
236 237
236 238
236 239
236 240
237 238
237 239
237 240
237 241
238 239
238 240
238 241
238 242
239 240
239 241
239 242
239 243
239 487
240 241
240 242
240 243
240 295
241 242
241 243
241 244
241 245
242 243
242 244
242 245
242 246
243 244
243 245
243 246
243 247
243 375
244 246
244 248
244 356
245 246
245 247
245 248
245 249
246 247
246 248
246 249
246 250
246 484
247 248
247 249
247 250
247 251
248 249
248 251
248 252
248 491
249 250
249 251
249 252
249 253
250 252
250 253
250 254
251 252
251 253
251 254
251 255
252 253
252 254
252 255
253 254
253 255
253 256
253 257
253 393
254 255
254 256
254 258
255 256
255 258
255 259
255 332
255 263
256 257
256 258
256 259
256 260
257 258
257 259
257 261
257 377
258 259
258 260
258 261
258 262
259 260
259 261
259 262
259 263
260 261
260 262
260 263
260 264
261 262
261 263
261 264
261 265
261 371
261 418
262 263
262 264
262 265
262 266
263 264
263 266
263 267
263 343
264 265
264 266
264 267
264 268
264 305
265 266
265 267
265 268
265 269
266 268
266 269
266 270
267 268
267 269
267 270
267 271
268 269
268 271
268 272
268 479
268 342
269 270
269 271
269 273
269 373
270 271
270 273
270 274
271 273
271 274
271 275
272 273
272 274
272 276
272 295
272 408
273 274
273 275
273 276
273 277
274 275
274 276
274 277
274 278
275 276
275 277
275 278
275 279
276 277
276 278
276 279
276 280
277 279
277 280
277 498
277 302
278 279
278 280
278 281
278 282
279 282
279 344
280 281
280 282
280 284
280 488
281 282
281 283
281 284
281 285
282 284
282 285
282 286
282 481
283 284
283 285
283 286
283 287
284 285
284 286
284 287
284 288
285 286
285 287
285 288
285 289
285 477
286 287
286 288
286 289
286 290
287 288
287 289
287 290
287 291
288 289
288 290
288 291
288 292
289 290
289 291
289 292
289 293
290 292
290 293
290 294
291 292
291 293
291 294
291 295
292 293
292 294
292 295
292 296
293 294
293 295
293 297
293 495
294 295
294 296
294 297
294 298
295 296
295 298
295 299
295 301
296 298
296 299
296 300
296 442
297 298
297 299
297 300
297 301
298 299
298 300
298 402
299 300
299 301
299 302
299 303
300 301
300 302
300 303
300 304
301 302
301 303
301 305
302 303
302 304
302 306
303 305
303 306
303 307
304 305
304 306
304 307
304 441
304 373
305 306
305 309
306 308
306 309
306 310
307 308
307 309
307 310
307 311
308 309
308 310
308 311
308 312
309 310
309 311
309 312
309 313
310 311
310 312
310 314
311 312
311 313
311 314
311 315
312 313
312 314
312 316
313 314
313 315
313 316
313 317
314 315
314 316
314 317
314 318
315 316
315 317
315 318
315 319
316 317
316 318
316 319
316 320
317 318
317 319
317 320
317 321
318 319
318 320
318 321
318 322
319 321
319 322
319 323
319 324
320 321
320 322
320 323
320 324
321 322
321 323
321 324
321 325
322 323
322 324
322 325
322 326
322 433
323 324
323 325
323 326
323 327
324 325
324 326
324 327
324 328
325 326
325 327
325 329
325 396
325 384
326 327
326 328
326 329
326 330
327 328
327 329
327 330
327 331
328 329
328 330
328 331
328 332
329 330
329 331
329 332
329 333
329 360
330 331
330 332
330 334
331 332
331 333
331 334
331 335
332 333
332 334
332 335
332 336
333 334
333 335
333 336
333 472
334 335
334 336
334 338
334 339
335 336
335 337
335 338
335 339
336 338
336 339
336 340
337 338
337 339
337 341
338 339
338 340
338 341
338 342
339 340
339 343
340 341
340 342
340 343
340 344
341 342
341 343
341 344
341 479
342 343
342 344
342 346
343 344
343 346
343 347
343 433
344 345
344 346
344 347
344 348
345 346
345 347
345 349
345 460
346 347
346 348
346 349
346 364
347 348
347 349
347 350
347 351
348 349
348 350
348 351
348 352
349 350
349 351
349 352
349 353
350 351
350 352
350 353
350 354
350 378
351 353
351 354
351 355
352 353
352 354
352 355
352 356
353 354
353 356
353 357
354 355
354 356
354 357
354 358
355 356
355 357
355 358
355 359
356 357
356 359
356 360
356 478
357 358
357 359
357 360
357 361
358 359
358 360
358 361
358 362
359 361
359 362
359 363
360 362
360 363
360 364
361 362
361 363
361 364
361 365
362 363
362 365
362 366
363 364
363 365
363 367
363 472
364 365
364 366
364 367
364 368
365 367
365 368
365 369
366 367
366 368
366 369
366 370
367 368
367 369
367 370
367 371
368 369
368 370
368 371
368 372
369 370
369 371
369 372
369 373
370 371
370 372
370 374
370 454
371 373
371 374
371 375
372 373
372 374
372 375
372 376
373 375
373 376
374 375
374 377
374 378
375 376
375 377
375 379
376 377
376 379
376 380
377 378
377 379
377 380
377 381
378 380
378 381
378 382
379 380
379 381
379 382
379 383
380 382
380 383
380 384
381 382
381 383
381 384
381 385
382 383
382 384
382 385
382 386
383 384
383 385
383 386
383 387
384 385
384 386
384 387
385 386
385 387
385 388
385 389
386 387
386 388
386 389
386 390
387 388
387 389
387 390
387 391
388 389
388 390
388 391
388 392
389 390
389 392
389 393
390 391
390 394
390 392
391 392
391 394
391 395
392 393
392 394
392 395
392 396
393 395
393 396
393 397
394 397
394 398
394 452
395 396
395 397
395 398
395 399
396 397
396 398
396 399
396 400
397 398
397 399
397 400
397 401
398 399
398 401
398 402
399 400
399 401
399 402
399 403
400 402
400 403
400 404
401 403
401 404
401 405
402 403
402 404
402 405
402 406
403 404
403 405
403 406
403 407
404 405
404 406
404 407
404 408
405 406
405 407
405 408
405 409
406 407
406 408
406 409
406 410
407 408
407 410
407 411
407 434
408 410
408 411
408 412
409 410
409 411
409 412
409 413
410 411
410 412
410 413
410 414
411 412
411 413
411 414
411 415
412 413
412 414
412 415
412 416
413 414
413 416
413 417
414 415
414 416
414 417
415 416
415 417
415 418
415 419
416 417
416 418
416 419
416 420
417 418
417 419
417 420
418 419
418 420
418 422
419 420
419 421
419 422
419 423
420 421
420 422
420 423
420 424
421 422
421 423
421 424
421 425
422 423
422 424
422 425
422 426
423 424
423 426
423 427
424 425
424 426
424 427
424 428
425 426
425 427
425 428
426 427
426 428
426 429
426 430
427 428
427 429
427 431
428 429
428 430
428 431
428 432
428 469
429 430
429 431
429 433
429 465
430 431
430 432
430 433
430 434
431 432
431 433
431 434
431 435
432 433
432 434
432 435
432 436
433 435
433 436
433 484
434 435
434 436
434 438
435 436
435 437
435 438
435 439
436 437
436 438
436 439
436 440
436 480
437 438
437 439
437 440
437 441
438 439
438 440
438 441
438 442
439 440
439 441
439 442
439 443
440 443
440 444
440 490
441 442
441 443
441 444
441 445
442 443
442 444
442 445
442 446
443 445
443 446
443 447
444 445
444 446
444 447
444 448
445 446
445 447
445 448
445 449
446 447
446 448
446 450
446 490
447 448
447 449
447 450
447 451
448 449
448 450
448 451
448 452
449 450
449 451
449 452
449 453
450 451
450 452
450 453
450 454
450 462
451 452
451 453
451 454
451 455
452 453
452 454
452 455
452 456
453 454
453 455
453 456
453 457
454 455
454 456
454 457
455 456
455 457
455 458
455 459
456 457
456 458
456 459
456 460
457 458
457 459
457 460
457 461
458 459
458 460
458 461
458 462
459 460
459 461
459 462
459 463
460 461
460 462
460 463
460 464
461 462
461 463
461 464
461 465
462 464
462 465
462 466
463 464
463 465
463 466
463 467
464 465
464 466
464 468
465 466
465 467
465 468
465 469
466 467
466 468
466 469
466 470
467 468
467 470
468 469
468 470
468 471
468 472
468 495
469 470
469 471
469 472
470 471
470 472
470 473
470 487
471 472
471 473
471 474
471 475
472 473
472 474
472 476
473 474
473 475
473 476
473 477
474 475
474 476
474 477
474 478
475 476
475 477
475 478
475 479
476 477
476 478
476 479
476 480
477 479
477 481
478 479
478 480
478 481
478 482
479 480
479 481
479 482
479 483
480 482
480 483
480 484
481 482
481 483
481 484
482 483
482 484
482 485
482 486
483 484
483 485
483 486
483 487
484 485
484 488
485 486
485 487
485 488
485 489
486 487
486 488
486 489
486 490
487 489
487 490
488 489
488 490
488 491
488 492
489 490
489 491
489 492
489 493
490 491
490 492
490 493
491 492
491 493
491 494
491 495
492 493
492 494
492 495
492 496
493 494
493 495
493 496
493 497
494 495
494 496
494 497
494 498
495 496
495 497
495 498
496 497
496 498
496 499
497 498
497 499
498 499
