0 4
0 5
0 6
0 7
0 14
0 24
0 26
0 36
0 40
0 44
0 60
0 83
0 99
0 133
0 147
0 162
0 163
0 166
0 168
0 230
0 235
0 252
0 279
0 329
0 353
0 367
0 368
0 370
0 397
0 425
0 452
1 4
1 5
1 6
1 7
1 8
1 13
1 16
1 18
1 20
1 23
1 26
1 28
1 37
1 39
1 42
1 51
1 53
1 59
1 62
1 74
1 75
1 76
1 77
1 84
1 85
1 94
1 102
1 103
1 125
1 131
1 137
1 142
1 156
1 158
1 161
1 173
1 176
1 178
1 179
1 180
1 182
1 183
1 204
1 208
1 213
1 231
1 237
1 243
1 250
1 254
1 265
1 276
1 277
1 292
1 297
1 324
1 336
1 349
1 376
1 383
1 392
1 395
1 397
1 406
1 409
1 419
1 423
1 430
1 459
1 475
1 485
2 4
2 8
2 9
2 10
2 17
2 21
2 22
2 24
2 25
2 30
2 35
2 39
2 45
2 50
2 61
2 67
2 89
2 94
2 95
2 100
2 118
2 119
2 127
2 156
2 168
2 177
2 183
2 196
2 205
2 206
2 213
2 215
2 219
2 230
2 233
2 247
2 288
2 306
2 310
2 354
2 364
2 365
2 432
3 4
3 5
3 7
3 8
3 9
3 10
3 11
3 12
3 16
3 19
3 23
3 24
3 35
3 40
3 50
3 55
3 63
3 64
3 65
3 68
3 81
3 91
3 97
3 102
3 108
3 128
3 148
3 150
3 164
3 167
3 173
3 174
3 185
3 207
3 208
3 238
3 263
3 269
3 302
3 317
3 323
3 329
3 415
3 417
3 428
3 450
3 460
3 467
3 473
3 498
4 5
4 6
4 9
4 10
4 12
4 15
4 19
4 20
4 25
4 28
4 29
4 40
4 44
4 47
4 49
4 55
4 60
4 64
4 68
4 70
4 72
4 75
4 76
4 77
4 86
4 87
4 92
4 95
4 96
4 101
4 106
4 116
4 119
4 133
4 135
4 141
4 155
4 165
4 169
4 186
4 188
4 204
4 211
4 238
4 268
4 284
4 301
4 328
4 332
4 333
4 334
4 353
4 385
4 392
4 397
4 406
4 427
4 435
4 438
4 463
4 467
4 470
4 481
4 493
5 6
5 11
5 15
5 25
5 38
5 40
5 42
5 44
5 60
5 80
5 83
5 103
5 153
5 155
5 184
5 192
5 198
5 224
5 232
5 240
5 257
5 337
5 338
5 344
5 375
5 402
5 414
5 445
5 457
6 7
6 8
6 11
6 13
6 14
6 15
6 16
6 19
6 24
6 43
6 133
6 146
6 182
6 233
6 312
6 337
6 344
7 12
7 20
7 26
7 30
7 59
7 79
7 87
7 174
7 381
7 421
7 479
8 9
8 10
8 16
8 17
8 31
8 35
8 37
8 41
8 43
8 44
8 47
8 48
8 55
8 57
8 58
8 65
8 68
8 69
8 81
8 88
8 90
8 102
8 123
8 130
8 132
8 144
8 150
8 160
8 183
8 210
8 215
8 217
8 220
8 226
8 257
8 258
8 262
8 274
8 280
8 287
8 297
8 330
8 341
8 348
8 379
8 398
8 412
8 418
8 419
8 431
8 455
8 459
8 478
8 479
8 483
9 11
9 12
9 14
9 31
9 32
9 33
9 36
9 37
9 38
9 74
9 93
9 103
9 107
9 122
9 135
9 138
9 145
9 175
9 193
9 263
9 273
9 285
9 302
9 309
9 422
9 423
9 487
10 15
10 20
10 21
10 22
10 31
10 37
10 51
10 58
10 59
10 61
10 67
10 68
10 70
10 73
10 79
10 90
10 93
10 105
10 121
10 148
10 151
10 170
10 178
10 181
10 201
10 216
10 221
10 242
10 245
10 253
10 271
10 272
10 302
10 307
10 312
10 319
10 326
10 327
10 339
10 343
10 346
10 350
10 355
10 363
10 375
10 389
10 390
10 396
10 413
10 440
10 442
10 461
10 479
10 486
10 494
11 13
11 14
11 17
11 18
11 21
11 26
11 29
11 34
11 42
11 48
11 53
11 55
11 86
11 90
11 91
11 111
11 121
11 142
11 147
11 149
11 170
11 173
11 180
11 184
11 202
11 236
11 237
11 262
11 279
11 297
11 303
11 335
11 368
11 382
11 386
11 409
11 411
11 418
11 432
11 436
11 445
11 464
11 489
12 13
12 27
12 28
12 39
12 62
12 75
12 83
12 101
12 120
12 144
12 149
12 155
12 175
12 262
12 289
12 454
12 455
13 33
13 34
13 42
13 52
13 81
13 105
13 120
13 126
13 167
13 196
13 290
13 387
13 409
13 471
14 18
14 86
14 108
14 112
14 163
14 175
14 190
14 251
14 333
15 21
15 22
15 30
15 36
15 47
15 63
15 67
15 71
15 115
15 160
15 188
15 191
15 199
15 255
15 317
15 323
15 358
15 375
16 17
16 18
16 19
16 27
16 32
16 35
16 46
16 47
16 54
16 61
16 65
16 66
16 73
16 87
16 98
16 118
16 131
16 136
16 150
16 186
16 190
16 195
16 200
16 203
16 223
16 227
16 259
16 275
16 289
16 291
16 299
16 308
16 313
16 334
16 382
16 395
16 446
16 458
16 487
17 22
17 31
17 34
17 54
17 56
17 80
17 114
17 120
17 126
17 143
17 182
17 196
17 241
17 322
17 324
17 326
17 374
17 395
17 410
17 488
18 23
18 29
18 32
18 34
18 53
18 54
18 64
18 65
18 78
18 82
18 108
18 125
18 140
18 152
18 157
18 165
18 183
18 197
18 201
18 292
18 294
18 298
18 304
18 315
18 335
18 345
18 358
18 395
18 400
18 408
18 457
18 458
18 475
19 45
19 49
19 52
19 63
19 81
19 97
19 128
19 187
19 188
19 206
19 211
19 227
19 240
19 290
19 304
19 333
19 359
19 363
19 420
19 477
19 491
20 23
20 25
20 27
20 41
20 48
20 63
20 69
20 84
20 85
20 94
20 97
20 124
20 160
20 168
20 189
20 194
20 210
20 212
20 214
20 249
20 263
20 265
20 299
20 373
20 379
20 384
20 442
21 33
21 49
21 76
21 79
21 89
21 104
21 130
21 136
21 143
21 161
21 169
21 185
21 191
21 222
21 239
21 416
22 59
22 71
22 78
22 89
22 122
22 124
22 130
22 138
22 143
22 144
22 159
22 176
22 177
22 186
22 195
22 199
22 278
22 311
22 369
22 386
22 422
22 428
22 437
22 485
22 498
23 52
23 82
23 94
23 120
23 172
23 256
23 362
23 416
23 434
24 36
24 46
24 58
24 60
24 99
24 125
24 226
24 229
24 244
24 280
24 284
24 285
24 298
24 326
24 370
24 380
24 488
25 27
25 28
25 30
25 50
25 89
25 110
25 119
25 137
25 166
25 171
25 205
25 209
25 218
25 240
25 259
25 328
25 380
25 391
25 402
25 422
25 471
25 472
26 43
26 53
26 117
26 146
26 159
26 178
26 213
26 332
26 377
26 496
27 29
27 32
27 38
27 46
27 56
27 57
27 64
27 66
27 82
27 85
27 99
27 122
27 162
27 171
27 182
27 193
27 197
27 217
27 229
27 240
27 244
27 248
27 250
27 282
27 284
27 402
27 417
27 421
27 446
27 482
27 492
27 499
28 57
28 100
28 140
28 157
28 158
28 159
28 227
28 264
28 312
28 318
28 369
28 372
28 493
29 79
29 109
29 118
29 139
29 220
29 287
29 310
29 496
30 50
30 179
31 115
31 181
31 274
31 336
32 33
32 38
32 39
32 41
32 51
32 54
32 56
32 62
32 71
32 98
32 109
32 142
32 214
32 219
32 223
32 236
32 246
32 249
32 252
32 269
32 291
32 308
32 312
32 320
32 426
32 464
32 495
33 98
33 113
33 135
33 153
33 158
33 171
33 247
33 387
33 413
33 453
34 45
34 109
34 130
34 137
34 181
34 196
34 318
34 331
34 333
34 364
34 379
35 41
35 132
35 200
35 265
35 286
35 313
35 345
35 370
36 134
36 150
36 340
36 448
37 73
37 136
37 148
37 179
37 216
37 325
37 429
38 91
38 107
38 117
38 164
38 198
38 493
39 43
39 51
39 67
39 92
39 140
39 211
39 219
39 248
39 366
39 459
40 62
40 104
40 105
40 111
40 138
40 222
40 236
40 243
40 329
40 362
40 487
41 49
41 70
41 84
41 109
41 160
41 185
41 214
41 261
41 272
41 288
41 398
41 416
41 428
41 495
42 45
42 46
42 69
42 75
42 78
42 93
42 124
42 194
42 199
42 293
42 320
42 354
42 378
42 399
43 48
43 52
43 80
43 86
43 98
43 248
43 307
43 310
43 336
43 366
43 413
44 201
44 225
44 401
45 337
45 363
45 451
46 56
46 72
46 73
46 82
46 106
46 117
46 139
46 146
46 180
46 193
46 216
46 233
46 309
46 316
46 320
46 338
46 430
46 433
46 458
46 496
47 70
47 199
47 207
47 222
47 341
47 407
48 102
48 111
48 112
48 114
48 189
48 379
48 411
49 88
49 96
49 104
49 106
49 141
49 229
49 234
49 249
49 261
49 355
49 358
49 409
49 411
49 451
49 459
49 497
50 100
50 212
51 77
51 108
51 116
51 147
51 162
51 163
51 211
51 267
51 288
51 308
51 347
52 66
52 80
52 281
52 348
52 357
52 359
52 365
52 389
52 461
53 57
53 61
53 72
53 243
53 255
53 296
53 327
53 343
53 357
53 406
54 84
54 93
54 231
54 351
54 474
55 58
55 91
55 110
55 146
55 166
55 193
55 260
55 267
55 270
55 330
55 383
55 474
56 72
56 111
56 203
56 244
56 391
56 396
56 430
57 69
57 258
57 273
57 412
58 123
58 137
58 151
58 259
58 277
58 348
58 378
58 392
58 448
58 488
58 493
59 124
59 129
59 131
59 151
59 327
59 420
59 468
60 103
60 159
60 226
60 399
61 107
61 155
61 192
61 247
61 365
61 418
61 440
63 83
63 85
63 140
63 224
63 309
63 339
63 414
63 421
64 74
64 101
64 165
64 250
64 267
64 335
64 480
65 66
65 78
65 90
65 131
65 163
65 205
65 278
65 345
65 347
65 371
65 403
65 486
66 99
66 184
66 221
66 226
66 253
66 482
67 92
67 247
68 71
68 100
68 122
68 126
68 224
68 405
68 473
68 476
69 188
69 419
70 74
70 158
70 170
70 200
70 361
70 376
71 76
71 96
71 149
71 169
71 239
71 252
71 307
71 432
71 441
72 92
72 216
72 274
72 414
73 88
73 157
73 209
73 228
73 238
73 295
73 372
73 443
74 88
74 116
74 192
74 267
74 297
74 349
74 452
75 143
75 144
75 156
75 234
75 254
75 293
75 311
75 378
75 396
75 463
75 485
76 136
76 156
76 373
76 469
77 95
77 128
77 147
77 152
77 201
77 245
77 318
77 351
77 352
78 107
78 113
78 114
78 115
78 117
78 119
78 128
78 141
78 176
78 180
78 190
78 207
78 223
78 225
78 257
78 276
78 295
78 302
78 447
78 468
79 431
80 153
80 242
80 260
80 281
81 97
81 106
81 121
81 154
81 174
81 206
81 221
81 235
81 282
81 299
81 306
81 308
81 331
81 380
81 404
81 421
81 437
81 494
82 87
82 126
82 187
82 225
82 329
82 357
82 434
82 441
82 442
82 492
83 141
83 370
84 96
84 198
84 388
85 189
85 217
85 305
85 340
86 134
86 168
86 257
86 300
86 314
87 187
87 256
87 442
87 487
89 187
90 112
90 132
90 139
90 145
90 171
90 194
90 246
90 306
90 341
90 360
90 445
90 497
91 95
91 110
91 115
91 164
91 194
91 203
91 243
91 283
91 296
91 316
91 321
91 377
91 380
91 399
91 401
91 433
91 482
91 498
92 392
92 465
93 112
93 113
93 123
93 127
93 197
93 292
93 303
93 338
93 343
93 356
93 394
93 404
93 420
93 425
93 436
93 460
93 466
93 489
94 110
94 169
94 172
94 249
94 251
94 287
94 307
94 364
94 400
95 113
96 104
96 274
96 287
96 406
97 121
97 125
97 206
97 220
97 294
97 331
97 394
97 480
98 118
98 153
98 157
98 269
98 387
99 101
99 133
99 138
99 152
99 232
99 244
99 253
99 405
100 149
100 372
101 335
101 378
102 135
102 369
102 479
103 105
104 327
105 273
107 167
107 228
107 245
108 116
108 300
108 314
109 114
109 123
109 139
109 178
109 251
109 355
109 398
110 374
110 400
111 142
111 191
111 212
111 222
111 248
111 401
112 129
112 241
112 282
112 358
112 377
112 410
112 460
112 488
113 127
113 161
113 197
113 218
113 236
114 154
114 246
115 164
115 165
115 209
115 317
115 323
115 418
116 148
116 474
117 134
118 172
118 255
118 364
119 205
119 218
119 235
120 266
121 132
121 154
121 276
121 325
121 480
122 134
122 161
122 172
122 231
122 242
122 258
122 273
122 275
123 356
123 460
124 129
124 449
125 129
125 191
125 285
125 304
125 315
125 341
126 127
126 145
126 212
126 256
128 166
128 343
128 381
129 145
129 185
129 220
129 449
129 481
130 435
131 189
131 195
131 272
131 388
131 420
132 154
132 336
132 360
132 426
132 446
134 385
136 230
137 151
137 170
137 181
137 331
137 393
137 424
138 264
138 266
138 322
139 174
139 238
139 433
140 275
140 301
140 339
141 213
142 177
142 464
143 152
143 232
143 251
143 254
143 444
144 184
144 338
144 352
144 374
144 456
144 481
145 207
145 444
146 219
146 260
146 268
146 294
146 309
146 466
147 162
147 175
147 186
147 202
147 264
147 266
147 283
147 318
147 332
147 368
147 412
147 415
147 436
147 462
147 469
148 221
151 242
151 434
151 439
151 444
152 218
152 254
152 316
152 468
152 471
152 499
153 260
153 290
153 295
153 342
153 344
153 402
153 408
154 381
154 403
154 480
155 192
155 204
155 229
155 289
156 215
157 292
158 177
158 200
158 210
158 356
158 424
159 167
159 231
159 255
159 278
159 323
159 463
160 272
160 384
161 173
161 228
161 280
161 296
161 371
161 440
162 283
162 353
162 484
163 176
163 230
163 359
164 427
164 470
166 281
166 353
166 415
166 461
169 179
169 239
169 337
169 363
169 384
169 403
170 190
170 198
170 202
170 253
170 279
170 291
170 305
170 316
170 317
170 325
170 345
170 373
170 384
170 438
170 465
171 443
172 204
172 454
173 382
175 263
175 334
176 217
176 268
176 278
176 319
176 354
176 447
178 355
179 239
179 279
179 350
179 407
179 424
179 485
180 208
180 301
181 203
181 475
182 195
182 321
183 347
184 328
184 473
185 208
185 237
185 270
185 349
185 405
186 264
186 304
186 413
186 472
187 228
187 300
187 412
187 431
187 450
187 490
188 301
189 210
189 233
189 283
189 385
189 388
189 439
189 477
190 214
190 282
190 334
190 346
191 373
192 232
192 245
192 321
192 440
192 470
193 286
195 202
195 261
195 291
195 306
195 342
195 490
197 250
197 270
197 288
197 457
198 357
199 234
199 286
199 426
201 225
201 407
201 429
202 256
202 266
202 271
202 322
202 497
202 498
203 299
203 475
204 277
204 339
206 354
207 224
207 478
208 209
208 234
208 237
208 371
209 311
210 227
211 271
211 348
211 359
212 265
213 215
213 319
213 324
213 377
214 269
214 346
214 427
215 223
215 275
215 298
215 386
215 424
217 268
217 305
217 310
217 347
217 376
218 429
219 276
219 295
219 425
222 322
223 252
223 259
223 293
224 289
226 453
227 320
227 330
227 404
229 284
229 411
229 417
229 492
230 389
230 457
230 467
231 235
231 241
231 258
232 429
234 246
234 371
235 241
235 452
235 494
236 453
238 376
240 352
240 490
241 375
241 456
242 439
243 296
243 360
243 390
243 483
244 492
245 294
245 313
245 314
245 330
246 262
246 311
248 285
248 367
248 499
249 321
249 391
249 426
249 451
250 261
250 270
252 293
253 417
253 482
254 349
255 463
256 416
257 281
257 437
257 476
257 483
258 476
259 448
260 280
260 290
260 390
260 462
264 340
264 372
264 449
264 454
265 277
265 286
265 303
265 313
266 271
266 300
266 462
268 305
268 328
268 346
268 366
269 497
270 362
272 342
272 495
273 315
273 382
274 452
275 491
276 325
276 494
277 477
277 481
281 461
282 438
282 474
283 388
286 303
291 298
291 422
291 441
292 404
292 419
292 465
292 469
293 374
293 396
294 332
295 361
296 387
297 319
300 314
300 496
301 386
303 367
304 400
304 407
305 390
306 458
307 486
308 464
309 361
309 393
309 430
310 448
311 350
311 383
311 423
311 437
312 365
312 405
312 472
314 451
314 495
316 344
317 394
318 367
319 447
320 324
321 351
321 399
323 394
324 326
324 340
324 445
325 499
326 470
327 342
327 369
327 385
327 436
328 381
328 473
329 434
331 362
335 350
336 361
336 389
336 446
336 471
337 391
338 352
338 432
339 449
340 410
340 489
342 435
342 447
344 403
346 356
346 366
347 351
347 398
349 454
353 425
354 360
357 427
357 467
358 408
358 410
359 423
359 428
359 484
360 450
361 393
363 433
363 489
364 441
364 456
368 415
370 383
370 397
371 455
371 486
372 443
372 468
381 465
384 408
386 393
386 401
386 414
387 431
388 466
388 469
391 435
394 443
394 472
396 476
398 438
407 455
408 490
412 450
413 444
416 453
421 456
421 466
424 439
432 484
441 491
443 478
454 462
459 483
465 477
465 478
477 491
483 484
